0 0.721928094887 2.0
1 1.24194603221 2.44643934467
2 1.27365091908 3.41041725276
3 1.37426271272 3.49922754172
4 1.36101567646 3.91108049624
5 1.34810613006 3.84313906223
6 1.36130195524 3.76781203253
7 1.37144943224 3.78451592201
8 1.36777293666 3.80652660373
9 1.33628623117 4.13394707381
10 1.33921239543 4.20819710656
11 1.31016939988 4.26978685451
12 1.36050769822 4.29191380438
13 1.38281234019 4.41805403719
14 1.38582662444 4.44067605876
15 1.37152940164 4.4113367255
16 1.36321709132 4.39470227608
17 1.3598203238 4.41470942511
18 1.36361570325 4.41235276811
19 1.36219257553 4.41763592101
20 1.37725548826 4.41042097215
21 1.37999182008 4.42607518421
22 1.35688320607 4.5168520916
23 1.35827762443 4.61021997679
24 1.37222693028 4.68104241185
25 1.40805050425 4.71514028949
26 1.40913659027 4.78026775494
27 1.40706066181 4.81010948817
28 1.40674106106 4.81601354539
29 1.40254895278 4.84282842684
30 1.41553819897 4.82886320038
31 1.4178636198 4.79647854895
32 1.41982128822 4.83068408236
33 1.42848837733 4.91016250363
34 1.43276914622 4.93541898144
35 1.41316097387 4.97279208364
36 1.37781794592 5.06567401242
37 1.36962043869 5.08902960487
38 1.35295149338 5.17267051073
39 1.34671555559 5.20337144918
40 1.3595644189 5.28425634211
41 1.35936591533 5.28706530316
42 1.34835496364 5.3082967122
43 1.3298808612 5.33489891178
44 1.3020013452 5.34914989334
45 1.28840697101 5.3854015558
46 1.28447088249 5.38199671699
47 1.2626763038 5.39403411845
48 1.2446999995 5.38222784078
49 1.22922024678 5.36360828278
50 1.22583314251 5.37090080918
51 1.20870821983 5.40340518994
52 1.20192965062 5.42949059374
53 1.1833734658 5.45674585672
54 1.1715232006 5.49100496698
55 1.17102805113 5.53300656231
56 1.16005707469 5.54346451541
57 1.14200363492 5.5566714799
58 1.13665162261 5.5596164656
59 1.12318000718 5.55706710182
60 1.11773872927 5.55396654426
61 1.11804253055 5.56266508052
62 1.12129486438 5.59552741097
63 1.12507869337 5.5987760477
64 1.12571913424 5.589502378
65 1.12374179724 5.57667698893
66 1.12081063758 5.56309662153
67 1.12715679106 5.54888431145
68 1.13623903281 5.57020386907
69 1.22374641906 5.62696664115
70 1.22115521737 5.6426102142
71 1.22145114174 5.66272060141
72 1.21469289677 5.69479403911
73 1.21656557514 5.72790765712
74 1.21792974431 5.73444002806
75 1.21593360427 5.75109737795
76 1.21474299425 5.7574109194
77 1.21423490341 5.77764275465
78 1.21389565514 5.77550429238
79 1.21370405359 5.78011119015
80 1.21009095435 5.78161655088
81 1.20786265112 5.79677453048
82 1.2052714815 5.80567709185
83 1.20466791349 5.81152670773
84 1.20526331691 5.81862880282
85 1.20709126587 5.82993505691
86 1.20606143628 5.8389649891
87 1.20309487522 5.87718864668
88 1.24961485618 5.91853703366
89 1.25106478857 5.93389984832
90 1.25310833135 5.94258791439
91 1.2490556903 5.95213506033
92 1.25211747592 5.97091319122
93 1.25382773228 5.98363283726
94 1.25221470531 5.9794572823
95 1.2539491093 5.99769354299
96 1.25201163272 5.99087576658
97 1.23866972635 5.99821308292
98 1.23440891233 6.01751033308
99 1.22998158104 6.02993788975
100 1.22698429111 6.05102294374
101 1.22269996596 6.06446296282
102 1.22151613012 6.07390112903
103 1.21749157087 6.09500597805
104 1.21424524559 6.1063791001
105 1.20727275316 6.12573373746
106 1.20309876902 6.14223875609
107 1.19769947077 6.1568944935
108 1.19494115799 6.17602082327
109 1.19242167325 6.17421340717
110 1.19597030067 6.19580322356
111 1.19470896429 6.21096360755
112 1.1948755636 6.22548001388
113 1.19205694925 6.23848751594
114 1.19035480968 6.24669120384
115 1.19324173202 6.25263851249
116 1.19274783267 6.24946207261
117 1.19338996066 6.24721152534
118 1.19382888008 6.25732913136
119 1.19378284674 6.26132911956
120 1.19632554072 6.28738769833
121 1.19582634235 6.30806434748
122 1.19574089105 6.31151396335
123 1.19533427641 6.3296849591
124 1.19582839414 6.33544858697
125 1.19518440942 6.33476838079
126 1.19444582135 6.33277601748
127 1.19198982856 6.33609971614
128 1.19074467317 6.33252534715
129 1.18863302055 6.33177928315
130 1.18828246491 6.33269089005
131 1.18336339474 6.32797507447
132 1.17936495335 6.32321526762
133 1.17664083059 6.3244783989
134 1.17172867078 6.3278927344
135 1.16673613065 6.34608418632
136 1.16552755175 6.34959227042
137 1.1609931515 6.34625403089
138 1.15668868023 6.34213222359
139 1.15032856583 6.34586105552
140 1.14520687888 6.34738060463
141 1.14319507619 6.34697524267
142 1.14056779124 6.35165060193
143 1.13893495301 6.35095796315
144 1.13580076944 6.35708862594
145 1.14031345627 6.38260524901
146 1.14221938608 6.38697018707
147 1.13998358043 6.3864271025
148 1.14004385658 6.39167679438
149 1.13916480136 6.40261322089
150 1.1410323692 6.41513703233
151 1.13810958493 6.44060627921
152 1.14108654214 6.48328583094
153 1.14362159628 6.49337085152
154 1.14424513535 6.49416822336
155 1.14592352769 6.49601741868
156 1.14470270871 6.50947986538
157 1.14558572933 6.53141568415
158 1.14306438957 6.53570364607
159 1.14141709904 6.53844220674
160 1.14109776835 6.5383285238
161 1.13919720491 6.54816343449
162 1.13736850443 6.56061879281
163 1.13309774609 6.56159443886
164 1.13012271496 6.57738251229
165 1.12826525146 6.58345880019
166 1.12576532202 6.58531343453
167 1.12345874992 6.58471729506
168 1.11950044177 6.59030491318
169 1.120773924 6.59969683849
170 1.12400130634 6.60107026927
171 1.123220548 6.60145715332
172 1.12457789393 6.6004283691
173 1.1196357945 6.60736081696
174 1.11435315678 6.60636194396
175 1.11625062437 6.61463711811
176 1.11739898125 6.62910269215
177 1.11416154653 6.63952187117
178 1.11105187199 6.63707578261
179 1.1089570716 6.64205596191
180 1.10638223924 6.64158580308
181 1.10213694544 6.63973493471
182 1.10091677877 6.63899121471
183 1.09165906561 6.64319135505
184 1.09395481657 6.65294108982
185 1.09441786295 6.65972009924
186 1.09206616023 6.65637197447
187 1.09002908091 6.65556368165
188 1.08765608721 6.65758030502
189 1.08800699344 6.66518865534
190 1.08717734192 6.68042252273
191 1.08697135219 6.68518005198
192 1.08669217585 6.69327818025
193 1.08576130285 6.69766147441
194 1.0851619655 6.70343863103
195 1.0835051847 6.7042502935
196 1.08148510584 6.70369327848
197 1.07960119496 6.70749770838
198 1.07925671742 6.70684014646
199 1.07808185247 6.70745967177
200 1.07666647567 6.71721809753
201 1.07608482158 6.72030446449
202 1.07569763576 6.71811223428
203 1.07515524458 6.71631215583
204 1.07443855632 6.71584494441
205 1.07595290537 6.71893319614
206 1.07388299883 6.71666236298
207 1.07167816651 6.7145422524
208 1.07218450643 6.71740249466
209 1.07218168581 6.71972379679
210 1.07110788028 6.71972379679
211 1.06835502621 6.72703106735
212 1.06623353147 6.73381093938
213 1.06376703243 6.73755998272
214 1.06377392448 6.7375099787
215 1.06208063709 6.7384141789
216 1.05976674247 6.73836925029
217 1.05997707413 6.73880027992
218 1.05710803096 6.73782634684
219 1.05832353951 6.7684844139
220 1.05761979047 6.76939445189
221 1.05994403052 6.78297356615
222 1.06087210429 6.78756093954
223 1.06655848038 6.78965920488
224 1.06911583372 6.79407424591
225 1.0701879336 6.79434175929
226 1.0708207341 6.79429974615
227 1.07446848393 6.8062366541
228 1.07712561105 6.8173375581
229 1.07953056078 6.81886157846
230 1.08224617031 6.8188309635
231 1.08232068857 6.83171981347
232 1.08165874948 6.84906110752
233 1.08173824473 6.84798310745
234 1.07994986337 6.85809215295
235 1.08032335834 6.86238941215
236 1.0825236163 6.86640615519
237 1.08161461499 6.86642108509
238 1.08131991469 6.87032941236
239 1.08106532261 6.87341230816
240 1.08109517461 6.87417503904
241 1.08079693935 6.87628384353
242 1.0804417348 6.87597588855
243 1.07991378726 6.87864584888
244 1.07816541428 6.88331656403
245 1.07697591476 6.88405415502
246 1.0774018974 6.89065404192
247 1.07738060571 6.89003829179
248 1.0750591563 6.89019134995
249 1.07449628572 6.89069374914
250 1.07478300344 6.88980628752
251 1.07408932137 6.89098423676
252 1.07397584378 6.89643528406
253 1.07356352799 6.9002276972
254 1.07403018393 6.9002276972
255 1.07347347401 6.8982763824
256 1.07301776079 6.8975608093
257 1.07242583147 6.90047229515
258 1.07001185078 6.9033317647
259 1.06757007242 6.9016128923
260 1.06613621931 6.90027073393
261 1.06509459059 6.90428228103
262 1.06477264393 6.91302913883
263 1.0651061538 6.92994155449
264 1.0665471369 6.93885524183
265 1.06715171616 6.93973484541
266 1.06790860926 6.94148227215
267 1.06840276857 6.95185718716
268 1.06951928685 6.96306006412
269 1.06996831761 6.96137046934
270 1.07410627646 6.95616430629
271 1.07487646264 6.96869909465
272 1.07564985124 6.96976019696
273 1.07584769672 6.97286875355
274 1.07870859108 6.97689356591
275 1.08159626396 6.98531104017
276 1.08492765063 6.99890122862
277 1.08503246874 7.00113819711
278 1.08681633808 7.00971602078
279 1.08785290649 7.01141799533
280 1.08975111098 7.01777943359
281 1.09230708204 7.03731571993
282 1.09520533862 7.04979173368
283 1.0957046543 7.05566644199
284 1.09827605377 7.06328600764
285 1.10008925226 7.06653539671
286 1.10111202235 7.06958103054
287 1.10162844715 7.07472314161
288 1.10108984333 7.07376276743
289 1.10150486896 7.07258621211
290 1.09880975544 7.07967542379
291 1.09884377148 7.08135930581
292 1.10090969979 7.08363299041
293 1.1007614464 7.09026083318
294 1.10118789756 7.1034050596
295 1.10287051892 7.11350133471
296 1.10514761461 7.12450368255
297 1.10647112828 7.13445667316
298 1.10733697772 7.14801279535
299 1.10684060497 7.15919903167
300 1.10802176275 7.16467205029
301 1.10839966926 7.16540462817
302 1.10990645342 7.17448726212
303 1.1106730981 7.18578830486
304 1.11133970684 7.19177708755
305 1.11156420642 7.19816704024
306 1.11174173163 7.20220554601
307 1.11204761007 7.20322695925
308 1.11232662238 7.20116856697
309 1.11294061296 7.20811136742
310 1.11265627048 7.21096485842
311 1.11244449333 7.21562616314
312 1.11100920155 7.22165723859
313 1.10958700631 7.22147329586
314 1.10896806928 7.22154749211
315 1.10884382058 7.22074537158
316 1.10825262924 7.22054006906
317 1.10916121028 7.22845246879
318 1.10873227442 7.2295894796
319 1.10820755371 7.23215276472
320 1.10839369089 7.23344244553
321 1.10805051163 7.23553769489
322 1.1065532991 7.24010138361
323 1.10564292383 7.23956446982
324 1.10582269215 7.24752792308
325 1.10568363333 7.24900645298
326 1.1057006327 7.25387913841
327 1.10504589574 7.26159341148
328 1.10451149814 7.26645010899
329 1.10336572012 7.27016831474
330 1.10319109999 7.26943429732
331 1.1038571969 7.26306227706
332 1.10561499187 7.25487101151
333 1.1060185882 7.25941302998
334 1.10737907489 7.2491592146
335 1.10747564874 7.25011569358
336 1.10715932806 7.24962910697
337 1.10648416222 7.24852801966
338 1.10496541646 7.24766426076
339 1.10398326641 7.24465079716
340 1.10147503586 7.24271165864
341 1.10093988628 7.2425310357
342 1.1014462988 7.24184753401
343 1.10188251974 7.24705085287
344 1.10179845583 7.24851105608
345 1.10185409489 7.24912368003
346 1.10115080379 7.2498231651
347 1.10112880315 7.25298666523
348 1.09753430446 7.25876272117
349 1.09685708153 7.26621719569
350 1.09832525351 7.26651492512
351 1.0934759963 7.26579739961
352 1.09207858174 7.26382973262
353 1.09062716005 7.27089601384
354 1.08839895025 7.27056487129
355 1.08844469863 7.26933697133
356 1.08841910963 7.27230510727
357 1.08519227669 7.2780279862
358 1.08461918474 7.28163590367
359 1.08393724059 7.28709342249
360 1.08379124883 7.28604188313
361 1.08386602751 7.29163213123
362 1.08300885268 7.29477982884
363 1.08333435371 7.29631067384
364 1.0825277667 7.30069925045
365 1.08180074507 7.30069925045
366 1.08178138262 7.30008565462
367 1.08124841381 7.30100053519
368 1.080385964 7.30104024535
369 1.08076224246 7.30570913518
370 1.08021368558 7.30708442873
371 1.07883321866 7.30736355671
372 1.07825546925 7.30743608444
373 1.07884618022 7.30899392308
374 1.07851640835 7.30899392308
375 1.07850041886 7.31386484897
376 1.07748181832 7.31897522852
377 1.07708208052 7.3201441402
378 1.0768608249 7.3201441402
379 1.07722486314 7.31946048927
380 1.0766980088 7.31908676461
381 1.07571105115 7.32417179325
382 1.07349218428 7.32500223692
383 1.07225402588 7.32536545602
384 1.07155580016 7.32583758378
385 1.0713292089 7.32753313009
386 1.07060653692 7.32826844941
387 1.07038599122 7.32885951425
388 1.06962571474 7.32961009101
389 1.06948995182 7.33190788551
390 1.06951803661 7.33204147518
391 1.07093638236 7.32513442665
392 1.06973845893 7.32513442665
393 1.07037491334 7.31837546944
394 1.07021831992 7.32407175413
395 1.06961214981 7.31968675765
396 1.06788542947 7.32062835101
397 1.06742664536 7.32122606227
398 1.06673427539 7.32257206918
399 1.06588454614 7.32435915262
400 1.06541276494 7.32684689138
401 1.06442350751 7.3299848949
402 1.06392543121 7.33277734935
403 1.06279591761 7.33250521712
404 1.06203583261 7.33207879278
405 1.06168514465 7.33355662317
406 1.06190709954 7.33639836439
407 1.06459411208 7.32695777993
408 1.06588370831 7.31842624873
409 1.06553459627 7.32106146015
410 1.06525958207 7.32353640741
411 1.06597958086 7.31244629936
412 1.06615530701 7.31053188947
413 1.06585262845 7.30902011899
414 1.0658003789 7.30804122535
415 1.069220446 7.28720366512
416 1.06926542759 7.28679300176
417 1.06970459376 7.27503045144
418 1.06944287109 7.27455116916
419 1.06937531539 7.26435451363
420 1.06894227377 7.26702493334
421 1.06809264493 7.26681325252
422 1.06707823862 7.2707812492
423 1.06665104742 7.2701724072
424 1.06851974961 7.25893159867
425 1.06998712342 7.24919189016
426 1.06878457602 7.24853438666
427 1.06893396418 7.23864785657
428 1.06829647794 7.23904799327
429 1.06646414816 7.23904799327
430 1.06585372831 7.23904734847
431 1.06548274449 7.24339722336
432 1.0659830517 7.2333516862
433 1.06591472188 7.23762364435
434 1.06663295193 7.22927655308
435 1.06565286428 7.23149058521
436 1.06523007883 7.23582021862
437 1.06499102859 7.23834580062
438 1.06433724441 7.24225783569
439 1.06397171715 7.24762224039
440 1.06435376827 7.25989597698
441 1.0646217913 7.2614917569
442 1.06447738458 7.26142034654
443 1.06355939549 7.26307192243
444 1.06422178191 7.26249932742
445 1.06443732757 7.2627485296
446 1.0641547642 7.2627485296
447 1.06437560921 7.25844779107
448 1.06446707475 7.26069350704
449 1.06486203314 7.24887393564
450 1.06417594607 7.24887393564
451 1.06522339907 7.23809211161
452 1.0648649533 7.23943939956
453 1.06523038185 7.24076790285
454 1.06485939088 7.24083313088
455 1.06364870298 7.24306108777
456 1.0625941831 7.23908875295
457 1.06118167541 7.23892608781
458 1.05963206293 7.2389179008
459 1.05904839043 7.23887542746
460 1.05877024997 7.24118403131
461 1.05851050043 7.24228350284
462 1.05832951836 7.24171733385
463 1.05821226896 7.24171733385
464 1.05835433966 7.24842775275
465 1.05801792361 7.25202744835
466 1.05819477409 7.25675375044
467 1.05935180281 7.27012445901
468 1.05996146835 7.27210879933
469 1.06016172206 7.27559210633
470 1.06062947202 7.28127101752
471 1.06045231194 7.28340011379
472 1.06038076083 7.28570051462
473 1.06034950203 7.29036258085
474 1.06058277784 7.29399729733
475 1.06029878883 7.29927555348
476 1.05907889139 7.30364688199
477 1.05919503881 7.30414378156
478 1.05973489091 7.30808850341
479 1.05935060378 7.31157157061
480 1.0587787594 7.3133235477
481 1.05861004573 7.31616574495
482 1.058655962 7.31907826811
483 1.05759590959 7.31999292584
484 1.05687683848 7.32486776389
485 1.05615846165 7.32558135401
486 1.0553841232 7.3285069431
487 1.05549118322 7.33467650816
488 1.05430815023 7.3423062204
489 1.0544876573 7.34673470034
490 1.05356640479 7.35079290802
491 1.05239636887 7.35422565437
492 1.05236542485 7.36059172746
493 1.05248951693 7.36382101009
494 1.05222943898 7.36537853718
495 1.0519300951 7.36849197021
496 1.05051903726 7.36852091087
497 1.05089794402 7.37251524335
498 1.05062419321 7.37754372106
499 1.04972833361 7.37889800121
500 1.04877462944 7.3812968895
501 1.04883142092 7.38184718551
502 1.0483015395 7.38489910716
503 1.04804552491 7.38640951556
504 1.047317215 7.38910595374
505 1.04710135192 7.3918018647
506 1.04641364902 7.3934060485
507 1.04605887407 7.39564150749
508 1.04716949905 7.38956326389
509 1.0480323516 7.38187518776
510 1.0443668436 7.38398485625
511 1.04442371019 7.38707118642
512 1.04498930583 7.37751896991
513 1.04507099385 7.38249589247
514 1.04424273375 7.3841627571
515 1.04323412265 7.38794369894
516 1.0417223541 7.38947437992
517 1.04200070904 7.39525296234
518 1.04152876789 7.39904999204
519 1.04187056422 7.40775688405
520 1.04155810971 7.40933705599
521 1.0416242546 7.42051271891
522 1.04135644735 7.42792402159
523 1.04014963534 7.43181626951
524 1.03939191379 7.43815858801
525 1.03873529095 7.43938732664
526 1.03762024277 7.44409893462
527 1.03724972303 7.44561851951
528 1.03608629422 7.4466757197
529 1.03629447632 7.45477832334
530 1.03731624421 7.460546336
531 1.03667538194 7.4634408381
532 1.03665731657 7.46237849238
533 1.03400002358 7.46221575842
534 1.03301629144 7.46516838581
535 1.03295847473 7.46419273516
536 1.03154885999 7.4664228202
537 1.03124611164 7.46617650486
538 1.03124127752 7.46710207155
539 1.03084634465 7.47082760184
540 1.03001911204 7.47202995206
541 1.03000658591 7.47500113676
542 1.03075834343 7.47419805787
543 1.03069683679 7.4740823527
544 1.03018453859 7.47340232963
545 1.0308082031 7.48475223013
546 1.03073537508 7.49346142697
547 1.02981948629 7.49883946926
548 1.03022626116 7.50270135924
549 1.03032644517 7.50439640731
550 1.03000363037 7.50287299858
551 1.03006442933 7.50463842069
552 1.02941667809 7.50640946332
553 1.02884156789 7.50999043673
554 1.02875469747 7.51158884697
555 1.02887651065 7.51312196762
556 1.02881055807 7.51275430466
557 1.02881573216 7.51379986223
558 1.02827365981 7.51475129828
559 1.02776941878 7.51484162697
560 1.02764418171 7.5156996776
561 1.02742062434 7.51640284038
562 1.02681533408 7.5194155472
563 1.02603473614 7.52558596645
564 1.02664204704 7.52871943874
565 1.02682093894 7.52911056775
566 1.02691426979 7.52953202041
567 1.02678955446 7.53077093473
568 1.02622626666 7.53182449192
569 1.02563988001 7.53324734897
570 1.02588165437 7.5330737138
571 1.02536502246 7.53315584266
572 1.02481444419 7.53315584266
573 1.02447440327 7.53285864407
574 1.02440293012 7.53329856306
575 1.02401676804 7.53343652346
576 1.02315598524 7.53371683651
577 1.02262061039 7.53606079723
578 1.02202710892 7.5363659926
579 1.02181787003 7.53709651761
580 1.02180939861 7.53607483823
581 1.02171270282 7.53629650159
582 1.02205448253 7.53845043788
583 1.02156469741 7.53931009162
584 1.0267461463 7.54073880104
585 1.03021210789 7.54170218197
586 1.02999800671 7.54161587587
587 1.02959522812 7.54163074854
588 1.02866627262 7.54094688955
589 1.0282926106 7.54218394509
590 1.02832971721 7.54248266781
591 1.02786995516 7.54209973932
592 1.02740048732 7.54456089476
593 1.02814601023 7.5592055172
594 1.02897234897 7.56805202003
595 1.02955788677 7.56848218781
596 1.02945391663 7.56998719415
597 1.02965948538 7.57165715629
598 1.03011106401 7.57437851978
599 1.02988746715 7.57150249721
600 1.02992941021 7.57129743469
601 1.02986609815 7.57348230063
602 1.03050376539 7.57642116557
603 1.03092514164 7.58247772654
604 1.03131027084 7.58679638314
605 1.03143722241 7.59283393302
606 1.0313098242 7.59372519796
607 1.03128686444 7.59310097922
608 1.03095537997 7.59438128341
609 1.02964403943 7.59804413841
610 1.02916303603 7.59672358683
611 1.02861045828 7.59662055196
612 1.02786217026 7.59767412854
613 1.02712793568 7.59862436715
614 1.02663895361 7.59942865207
615 1.02628868074 7.59928083435
616 1.02630729227 7.59880173753
617 1.0262276734 7.60011292612
618 1.02632331959 7.60222437257
619 1.0261526782 7.60283308482
620 1.02600663673 7.60443723488
621 1.0263718187 7.60555018155
622 1.02673007301 7.60601220193
623 1.02730037669 7.60588961358
624 1.02785097501 7.60570883332
625 1.028351007 7.60238663796
626 1.02828091778 7.60250180989
627 1.02839203565 7.60239763461
628 1.02846214678 7.59997864567
629 1.02848621007 7.59961200806
630 1.02857902701 7.59918908268
631 1.02868628495 7.59873041537
632 1.02880938942 7.59783998624
633 1.02892706903 7.59860299009
634 1.02913501867 7.59886330397
635 1.02914401237 7.60121404199
636 1.02928642946 7.60252610171
637 1.02946643757 7.60206337436
638 1.02949297975 7.60280695226
639 1.02949448382 7.60551859305
640 1.02965063488 7.60678345386
641 1.02990150653 7.60925264428
642 1.03119486537 7.61185211512
643 1.03188085084 7.61457817027
644 1.0324674921 7.61514762835
645 1.03308032626 7.61520762124
646 1.03304383672 7.61611718075
647 1.03280669143 7.61691425906
648 1.03262356602 7.61602565839
649 1.03328166655 7.61647775886
650 1.03349241376 7.61673101382
651 1.03386374529 7.61716049762
652 1.03459605969 7.61679964657
653 1.0344649269 7.61740601231
654 1.03531476796 7.6217361133
655 1.0397236501 7.69589311791
656 1.04284818583 7.73018141048
657 1.04497638734 7.74523633439
658 1.04478430544 7.74636489217
659 1.04832989368 7.8035388994
660 1.05031067016 7.82028730409
661 1.05009947598 7.82168450744
662 1.05209007585 7.85698277758
663 1.05392664247 7.87896716434
664 1.0556018545 7.89570359191
665 1.05700834468 7.92943214322
666 1.05879413747 7.95178369954
667 1.05882024052 7.9686668553
668 1.060221842 8.00165970473
669 1.06230925287 8.02071743808
670 1.06394754056 8.03508263588
671 1.06569059994 8.06818489708
672 1.067618567 8.08822247936
673 1.06916941712 8.10434790529
674 1.07072108026 8.13580239578
675 1.07321753012 8.15535164135
676 1.07467063278 8.16986105249
677 1.07475650589 8.16907008365
678 1.07590864601 8.20062210052
679 1.07763093634 8.22060254308
680 1.07881543341 8.23456689407
681 1.08072332682 8.26355781918
682 1.08261033793 8.28253760377
683 1.09269617379 8.29597943983
684 1.09447645112 8.32163532257
685 1.09549257246 8.33398628034
686 1.09657315973 8.34390098771
687 1.09630957667 8.34506849933
688 1.09648678274 8.34605413795
689 1.09663826791 8.34695603371
690 1.09666992764 8.34632693982
691 1.09712426341 8.34690665524
692 1.09665187193 8.3472671026
693 1.0965445345 8.34738191549
694 1.09650325738 8.34733983279
695 1.0963510673 8.34754556351
696 1.09570318181 8.34783072101
697 1.09580333653 8.34783449187
698 1.09568246995 8.34905296411
699 1.09537789879 8.35075956496
700 1.10213076975 8.35013244392
701 1.10160667625 8.3501027961
702 1.10172591301 8.34942884008
703 1.10166477979 8.35074138088
704 1.10151827675 8.35085169638
705 1.10132221605 8.35085169638
706 1.10146565739 8.35434785727
707 1.10149469438 8.3554956139
708 1.10123978983 8.35605435179
709 1.10129755581 8.35814388526
710 1.10091620199 8.35885493041
711 1.10072782602 8.36125996077
712 1.1005155621 8.36036664195
713 1.10010514347 8.36036664195
714 1.10021685238 8.36500050198
715 1.09999936637 8.3654177847
716 1.09946962421 8.36666792386
717 1.09927758715 8.36853639073
718 1.09879170478 8.37064275516
719 1.09815613203 8.37064275516
720 1.09686459317 8.37090538721
721 1.0964613633 8.37510027909
722 1.09666122023 8.37600051702
723 1.09650731872 8.37623509462
724 1.0959039511 8.3770634978
725 1.09549188442 8.37668661823
726 1.09494421382 8.37601506313
727 1.09415041238 8.37882493864
728 1.09365134949 8.37952634595
729 1.09260410266 8.38162989647
730 1.09183261162 8.38193854614
731 1.09089200888 8.38247521064
732 1.09013293848 8.38227546898
733 1.0893587522 8.38073475177
734 1.088441153 8.38169919361
735 1.08749967923 8.3832031523
736 1.08642256979 8.38318338139
737 1.08619685818 8.38387715456
738 1.08578277801 8.38334364325
739 1.08549697346 8.38329341391
740 1.08503601437 8.38443958648
741 1.08457924413 8.38594791964
742 1.08371717601 8.38626539854
743 1.08338712615 8.38686520893
744 1.08341867114 8.38918020199
745 1.08319087817 8.39138012069
746 1.08268960683 8.3933259226
747 1.08153259577 8.39679239875
748 1.08123125723 8.40116725979
749 1.08103485521 8.40570138152
750 1.08055581528 8.40597699129
751 1.08020181161 8.40602415272
752 1.07982969098 8.40573776584
753 1.07955133515 8.40642336974
754 1.07899948788 8.40657428158
755 1.07829519244 8.40645002098
756 1.07774565344 8.4064981545
757 1.07591934828 8.40687801352
758 1.07535110695 8.40672038805
759 1.07337711089 8.40672374763
760 1.07324124862 8.40629568365
761 1.07285545637 8.4060486179
762 1.07247932735 8.40543865913
763 1.07687816639 8.40559396047
764 1.07638102133 8.40495683488
765 1.07626244025 8.40474348351
766 1.07608703867 8.40483926003
767 1.07588119683 8.40552193031
768 1.07572400935 8.40630150694
769 1.0762141676 8.40816437405
770 1.07653695255 8.40904638461
771 1.07610475377 8.4088859133
772 1.07580938087 8.40923515414
773 1.07527051451 8.40991484317
774 1.07532025401 8.41022018296
775 1.07501325727 8.40940410046
776 1.07472909342 8.4093951879
777 1.07467804266 8.40898653666
778 1.07420310926 8.40884807882
779 1.0739283823 8.40840128943
780 1.07348656466 8.41172021889
781 1.07323020183 8.41186240713
782 1.07351880368 8.41271628772
783 1.07331016152 8.41358944103
784 1.07329639806 8.41494699128
785 1.07287881995 8.41473364107
786 1.07295022376 8.41553994387
787 1.07311506676 8.41748000529
788 1.07286042853 8.41835535399
789 1.07243654306 8.41888396163
790 1.07249103097 8.41869487743
791 1.07229913819 8.41774958729
792 1.07140899832 8.41706073347
793 1.07125776185 8.41623877469
794 1.07089377301 8.41867480738
795 1.07065311017 8.41792132002
796 1.07085994636 8.41757565683
797 1.07080373455 8.4163707645
798 1.07048986033 8.41555255284
799 1.0703902233 8.41506091047
800 1.0700562406 8.41380680141
801 1.0700011724 8.41496711065
802 1.06958979175 8.41488666727
803 1.0691197638 8.41429119156
804 1.06908273404 8.41429804841
805 1.06881385017 8.41559266952
806 1.06845308858 8.41629050176
807 1.06784310263 8.41756281219
808 1.06756687637 8.4177938853
809 1.06741211165 8.41710829066
810 1.06703275176 8.41687810513
811 1.0668080492 8.41763927648
812 1.06710520548 8.41882568107
813 1.06705902712 8.41896815308
814 1.0669794259 8.42008082579
815 1.06704271919 8.4209372874
816 1.06745841301 8.42845756826
817 1.06782023416 8.43057270576
818 1.06808477224 8.43279710917
819 1.06762829213 8.43201738428
820 1.06728829159 8.43283967119
821 1.06713305813 8.43396913361
822 1.06725914283 8.43563479048
823 1.06732292282 8.43654284221
824 1.06697580546 8.43654284221
825 1.0669323764 8.43843151166
826 1.06730829046 8.43963331171
827 1.06747357579 8.44139812121
828 1.06821021598 8.44502336372
829 1.06923364 8.44878777625
830 1.07123820146 8.4569197299
831 1.07183245242 8.46074284546
832 1.07211939646 8.46218685989
833 1.07282947089 8.46634205268
834 1.07373312236 8.4662940079
835 1.0744927915 8.46651011258
836 1.07533506711 8.46953565149
837 1.07549586796 8.46953565149
838 1.07617043891 8.47049230694
839 1.07655396878 8.47125542041
840 1.07680598993 8.47329000388
841 1.07719746828 8.47625849486
842 1.0773198788 8.47866794045
843 1.07720310311 8.48053440358
844 1.0790677739 8.48656937716
845 1.07945553991 8.48698888903
846 1.08040072354 8.4877000216
847 1.08050234682 8.48739627471
848 1.08063551903 8.48708640715
849 1.08103963354 8.49006625202
850 1.0812964772 8.48929541747
851 1.08158689578 8.48915109412
852 1.08183193831 8.48965656558
853 1.0817691074 8.48942441657
854 1.08158241714 8.48956030655
855 1.08189243452 8.49039607253
856 1.08165265423 8.48950009648
857 1.08138103668 8.48893385303
858 1.08112957266 8.48835425749
859 1.08137346077 8.49089644872
860 1.08184643955 8.49220375204
861 1.08192231623 8.4946264124
862 1.08716504237 8.49433783034
863 1.08716000818 8.49523629302
864 1.0877409212 8.49657451719
865 1.08847391856 8.49895097832
866 1.08941697996 8.50061756272
867 1.09005219965 8.50409941394
868 1.09054818487 8.50470483285
869 1.09178233703 8.51097743999
870 1.09242095235 8.51332092862
871 1.09275904449 8.51475426818
872 1.0928109303 8.514140388
873 1.09336961142 8.51512034494
874 1.09308703389 8.51541445442
875 1.09317048879 8.51469755863
876 1.09324560435 8.51501384531
877 1.09337643174 8.51370592924
878 1.09340752275 8.51237362923
879 1.09357705774 8.51148061115
880 1.09376993001 8.51120275568
881 1.093998045 8.51114966039
882 1.09429603358 8.50973606935
883 1.09445912284 8.50826144299
884 1.09472783512 8.5074697038
885 1.09454534863 8.50773903861
886 1.09491088481 8.50762298717
887 1.09512669563 8.50719829138
888 1.09537500831 8.50715663663
889 1.09551661764 8.50777423234
890 1.09562993038 8.50789533426
891 1.09590319267 8.5086204684
892 1.09635602626 8.51040256363
893 1.0964932573 8.51037295497
894 1.09697959448 8.51040963913
895 1.09650404398 8.5102940644
896 1.09588684214 8.51044568538
897 1.09609382059 8.51358640633
898 1.09609682576 8.51528413359
899 1.09608092389 8.51448618805
