0 0.0 0.0
1 2.23592635063 0.0
2 5.01882522852 0.0
3 5.29122132537 2.0
4 5.43729184572 2.15563906223
5 5.53357987176 2.15563906223
6 5.62920679369 2.15563906223
7 5.66036507437 2.64643934467
8 5.65724549351 2.64643934467
9 5.70993121369 2.75162916739
10 5.78190091844 2.93120894891
11 5.92850784463 2.93120894891
12 7.79634652113 2.93120894891
13 7.94311151994 2.95021206491
14 7.94581195421 3.10689059561
15 7.98066316543 3.39214722366
16 8.00308783263 3.73215889136
17 7.9991295123 3.70813206466
18 7.9920954792 3.85182322555
19 7.99635698703 3.88719873517
20 7.99486378235 3.91555328506
21 8.01170208129 3.93593579622
22 8.02955701162 4.14564721725
23 8.02687505768 4.14759336614
24 8.0323500673 4.22637424468
25 7.92471534852 4.22637424468
26 7.9093425861 4.32532423528
27 7.88334977651 4.32532423528
28 7.86770318059 4.44207155005
29 7.86963810871 4.5510718191
30 7.88907577882 4.58161795931
31 7.89189460604 4.56272063539
32 7.88952066899 4.56272063539
33 7.89670829814 4.65047930122
34 7.8970312348 4.68229484008
35 7.89417048295 4.68229484008
36 7.89571607235 4.73060230351
37 7.90813906027 4.74656208365
38 7.91190962564 4.75924159672
39 7.8452876425 4.79932655904
40 7.85684217878 4.83536303705
41 7.87134495887 4.83169866229
42 7.87269067014 4.85486171204
43 7.88675231233 4.84806580644
44 7.88580214687 4.83531429845
45 7.87973695074 4.83531429845
46 7.88214516105 4.81963562182
47 7.9121968747 4.91752449508
48 7.91534502495 4.92770372069
49 7.92219808692 5.0260777058
50 7.92804213657 5.04859460617
51 7.92937655446 5.05928378207
52 7.93653046609 5.06304522156
53 7.94248852047 5.06304522156
54 7.94686593744 5.06304522156
55 7.94599730745 5.08187245289
56 7.94117881952 5.08187245289
57 7.93987466852 5.08187245289
58 7.93103695078 5.08187245289
59 7.92774828883 5.08187245289
60 7.92493601404 5.10917969286
61 7.92407472804 5.12635574651
62 7.92116725988 5.12651373108
63 7.92147814803 5.13672316599
64 7.92195397482 5.13672316599
65 7.91336860746 5.13672316599
66 7.91556022398 5.1669325013
67 7.91873128779 5.16438787319
68 7.9291634953 5.2038367189
69 7.92697585308 5.19777778382
70 7.92877055107 5.19777778382
71 7.92844349763 5.19777778382
72 7.92556457081 5.18531917119
73 7.92584236211 5.18455211151
74 7.93245001003 5.23592870762
75 7.93091947875 5.27040595977
76 7.9286244735 5.26257340025
77 7.95851205686 5.29636089651
78 7.92080926373 5.30835406383
79 7.91078537105 5.37570510542
80 7.90504889762 5.3717837878
81 7.91103602068 5.40193441333
82 7.90941949248 5.39692646511
83 7.90200798723 5.40982645715
84 7.87911278682 5.39872445686
85 7.88832944383 5.38737752344
86 7.8869900681 5.39159701406
87 7.90061511022 5.41487230249
88 7.89935696666 5.41896074556
89 7.89660503814 5.41896074556
90 7.8947961167 5.4572697495
91 7.8941928842 5.44205637546
92 7.89235793555 5.4309136711
93 7.90386378445 5.45091041064
94 7.91379199424 5.46854179013
95 7.917351528 5.51904744069
96 7.9215007241 5.57796057863
97 7.94687712864 5.61819847546
98 7.91678701444 5.63159050807
99 7.91327032912 5.66281125638
100 7.91080630838 5.73523200494
101 7.90915528048 5.75754263162
102 7.9097906755 5.76595702065
103 7.90816794376 5.80892276432
104 7.90890205554 5.80816542099
105 7.90588620322 5.80653567234
106 7.90648999677 5.80653567234
107 7.92138402744 5.80653567234
108 7.92248111684 5.82216182427
109 7.92200612915 5.81982530149
110 7.92156187749 5.84388780034
111 7.92395606445 5.87220435959
112 7.92373974737 5.87021640671
113 7.93067167561 5.88266841871
114 7.94047145614 5.88266841871
115 7.95004942585 5.90870189773
116 7.94874575477 5.90870189773
117 7.9609260142 5.94026138955
118 7.96079650764 5.95612285647
119 7.96203192256 5.96185813422
120 7.96478772578 5.96330702386
121 7.97133336528 5.97583835536
122 7.9778852854 6.00082917408
123 7.99298875519 6.01865590066
124 8.00132039416 6.03543730058
125 8.00132039416 6.03543730058
126 7.99465777472 6.03543730058
127 7.99914211136 6.05653863107
128 7.98735715557 6.05653863107
129 7.98723559312 6.05653863107
130 7.98893058751 6.07378581576
131 7.98902710716 6.07378581576
132 7.98872114694 6.07378581576
133 7.99135178536 6.09087024121
134 7.99767387965 6.10535954158
135 8.00183772995 6.1105549896
136 8.0019523443 6.10836000697
137 8.00772987605 6.10836000697
138 8.02183120538 6.14892110709
139 8.02077030173 6.15931601692
140 8.02157869455 6.17049194394
141 8.02176108349 6.17049194394
142 8.0304602732 6.1809468369
143 8.03235407699 6.17725999906
144 8.03200142666 6.17644010395
145 8.03342558275 6.17490853718
146 7.90964390774 6.16653409719
147 7.91055509397 6.16653409719
148 7.90947693907 6.19911355454
149 7.90947693907 6.19911355454
150 7.91164140081 6.19911355454
151 7.91340903669 6.20659165516
152 7.87436483906 6.20659165516
153 7.8164437206 6.2158248395
154 7.8276282923 6.22556242695
155 7.8306796068 6.23355721846
156 7.82220994835 6.22314958779
157 7.82836301756 6.2400082337
158 7.86113393013 6.30138523743
159 7.87645718802 6.34058280764
160 7.88393541713 6.35344902269
161 7.88702734773 6.36106261436
162 7.8863743672 6.36973367633
163 7.88473720336 6.36246711849
164 7.8872447807 6.35361584638
165 7.88335933662 6.33978587351
166 7.87968576222 6.33978587351
167 7.88052875446 6.33978587351
168 7.88249788092 6.34812685091
169 7.88134127526 6.35404985357
170 7.88005573909 6.36136527027
171 7.88079476642 6.35913675645
172 7.88027882361 6.36823665974
173 7.88740632827 6.36572848551
174 7.8881132384 6.37898839387
175 7.88809565895 6.39418558853
176 7.8834889649 6.41771347709
177 7.88973460475 6.45574285933
178 7.88971482302 6.46556280407
179 7.86666848211 6.46355363746
180 7.85761307686 6.45930713821
181 7.84945418037 6.45592835296
182 7.84931481173 6.45463654765
183 7.84560569992 6.4526667512
184 7.84286698075 6.44674225765
185 7.84179789969 6.44938949548
186 7.83383482642 6.45131248804
187 7.82083909095 6.44413800685
188 7.81145181812 6.4425450069
189 7.80618301153 6.44073904918
190 7.80393585173 6.44253817063
191 7.80464642297 6.44253817063
192 7.80051307917 6.44253817063
193 7.80256198183 6.45441470853
194 7.80407015673 6.45441470853
195 7.78885973968 6.45441470853
196 7.77459685768 6.44999951749
197 7.77909008715 6.45542938563
198 7.78667281758 6.47373378082
199 7.79959632685 6.4868023924
200 7.77100562141 6.4892645488
201 7.7352093713 6.49170899776
202 7.66934692535 6.49765283175
203 7.68127953053 6.49691124153
204 7.68259736097 6.49557560086
205 7.65485485701 6.50152750736
206 7.62440279487 6.49497164605
207 7.6310847829 6.49956767797
208 7.63120868108 6.49641851323
209 7.63200280454 6.49714718212
210 7.63476789018 6.50494858275
211 7.63672940165 6.51392606552
212 7.63677625266 6.51511782111
213 7.64152011345 6.52028602718
214 7.64376978793 6.53125618058
215 7.6471872423 6.54874610951
216 7.64386313829 6.54331292902
217 7.64806814135 6.5385856844
218 7.65504331383 6.5391541245
219 7.66000125565 6.54039262306
220 7.6610915298 6.53717909372
221 7.66295695739 6.55096713028
222 7.66774928848 6.55166994913
223 7.67240839081 6.55804948536
224 7.67080294686 6.57697777103
225 7.68257883144 6.6063195788
226 7.68583465496 6.62611911771
227 7.69939972676 6.63163619099
228 7.69846246384 6.64559661513
229 7.69045153145 6.63945120677
230 7.6907352191 6.63371792368
231 7.6899399051 6.62845637243
232 7.68603067251 6.63285235166
233 7.68032213068 6.62847120435
234 7.67941683074 6.62576006868
235 7.67718055221 6.62628371363
236 7.67568396988 6.632095891
237 7.67853217219 6.64420435704
238 7.67836407492 6.64134293581
239 7.67875231022 6.63763116215
240 7.67700206629 6.64760628167
241 7.67688666618 6.65598708232
242 7.67861323318 6.66844251463
243 7.66905500861 6.69746778887
244 7.66905500861 6.69746778887
245 7.67168895158 6.70358770665
246 7.66996010684 6.70394879307
247 7.68118310975 6.70197851007
248 7.68428918531 6.70886240087
249 7.68488299807 6.70886240087
250 7.68937932553 6.72230294763
251 7.6942860741 6.73455661124
252 7.69813443132 6.73554739651
253 7.6942973458 6.73933084067
254 7.69503299831 6.74009665576
255 7.69896148616 6.75063804111
256 7.69855549262 6.76899017905
257 7.70316923372 6.78069379646
258 7.68051751477 6.78652513468
259 7.67122387572 6.78947459209
260 7.69047761722 6.80251886443
261 7.6921522151 6.81267670852
262 7.70030061823 6.81929081163
263 7.70065692645 6.83381813081
264 7.70135250545 6.84129931865
265 7.70287691358 6.85311739674
266 7.66719305142 6.86709404358
267 7.671018985 6.8701951723
268 7.6734475923 6.87019229931
269 7.67736602267 6.88341972101
270 7.67922991232 6.89166679452
271 7.68164553976 6.90059089492
272 7.6794877122 6.91277633575
273 7.68243138998 6.92076568691
274 7.67943441126 6.92788843661
275 7.67915085596 6.92950932657
276 7.67651433957 6.93076400058
277 7.69436201461 6.94054668549
278 7.70142872119 6.95857336819
279 7.68627633357 6.96284843323
280 7.68503075808 6.96483421169
281 7.68509803335 6.96247584137
282 7.69020910548 6.97270788493
283 7.69083609903 6.97540223486
284 7.69065973878 6.98386075005
285 7.69157661416 6.9866837032
286 7.69439982531 6.99140992402
287 7.70043560876 6.99806703122
288 7.74181542318 7.00875434666
289 7.74187967744 7.01542856014
290 7.74041020587 7.02155588026
291 7.74091216792 7.0292643483
292 7.74100607637 7.03479117104
293 7.73955648998 7.04513740922
294 7.73567075395 7.04995707361
295 7.73628002379 7.05476749088
296 7.73453791879 7.05956869094
297 7.76761892326 7.07565936849
298 7.76714463585 7.08892593621
299 7.76631785916 7.09542896824
300 7.76831472533 7.11267109293
301 7.77476232437 7.12682839334
302 7.83455600367 7.13325885629
303 7.84687721939 7.14292981473
304 7.84734836682 7.16144013026
305 7.85284434314 7.17269891906
306 7.85694065831 7.17946436073
307 7.85854606848 7.18495817679
308 7.85718773029 7.20146113704
309 7.86188904114 7.23017991153
310 7.86360877106 7.23591975559
311 7.85233396814 7.24482795274
312 7.85016961399 7.25153657308
313 7.88060066312 7.26148594436
314 7.88201112744 7.2720440155
315 7.88684019994 7.29213171027
316 7.88873762923 7.29929872598
317 7.89338368863 7.30562175542
318 7.84748702675 7.3098950897
319 7.84599920252 7.31329927989
320 7.78521325031 7.31672385124
321 7.76456815304 7.32331341579
322 7.76567984547 7.31684272985
323 7.76560623058 7.31472745028
324 7.76589816786 7.31541148466
325 7.75715142005 7.31941593937
326 7.75951716699 7.32953563102
327 7.76291993515 7.33962199431
328 7.76321495854 7.34854548193
329 7.76673566592 7.35745472084
330 7.761831979 7.36200522886
331 7.76402717079 7.3626499907
332 7.73078828057 7.3628798811
333 7.73271778524 7.3628798811
334 7.73714098566 7.36900777441
335 7.7233316519 7.36574970007
336 7.70065671211 7.35975674234
337 7.70046472513 7.35589569547
338 7.70338199417 7.35542440541
339 7.70497186018 7.35672885742
340 7.70452036887 7.36055492202
341 7.70699737165 7.36437519433
342 7.7072680885 7.37199842112
343 7.70844165715 7.37400001415
344 7.71664470339 7.3738362479
345 7.71544876761 7.37942541143
346 7.7210222507 7.3799332918
347 7.72316819714 7.3799332918
348 7.72628392557 7.38323882672
349 7.73067307238 7.38836451595
350 7.73287547519 7.38698207976
351 7.73510697362 7.38779664546
352 7.74014041347 7.38467076219
353 7.74192671297 7.38411951667
354 7.72947579872 7.38326024341
355 7.72809109313 7.38396791489
356 7.72848679299 7.38367106978
357 7.73057089267 7.3854629345
358 7.73424729731 7.38697281719
359 7.7362354359 7.38444969817
360 7.73731852541 7.38377691655
361 7.73972417293 7.38300030317
362 7.74169753523 7.38601628062
363 7.68441271322 7.38231667382
364 7.66981028265 7.38024486472
365 7.67067532532 7.37903350338
366 7.63887930797 7.37786079231
367 7.64208630323 7.37600948878
368 7.64588484922 7.37632395282
369 7.64904897365 7.37481051419
370 7.65121687331 7.3761240992
371 7.65409436796 7.37548570819
372 7.66014154197 7.37466609079
373 7.65978613168 7.37376012153
374 7.66139086862 7.37209883157
375 7.66060938812 7.37552152265
376 7.65956003375 7.37051308924
377 7.66384187276 7.36919629914
378 7.66963606391 7.37987453737
379 7.66715509646 7.37796822218
380 7.6576039107 7.37624292418
381 7.66156799992 7.37587575067
382 7.66769204201 7.36221144918
383 7.66914540265 7.35170103332
384 7.66876924765 7.3467007068
385 7.67179428493 7.34215223884
386 7.64430566473 7.3390927682
387 7.64750489244 7.33240888936
388 7.64982832053 7.33339670616
389 7.65177751777 7.33205198967
390 7.65452244538 7.33653644439
391 7.64919890941 7.33476780346
392 7.65445147552 7.33476780346
393 7.65583049384 7.33430733206
394 7.65148298992 7.33430733206
395 7.65154533818 7.33622496969
396 7.65115345841 7.33534149065
397 7.65290046826 7.33451620263
398 7.65390572599 7.33451620263
399 7.6546971145 7.33666870979
400 7.65585472976 7.33735319566
401 7.65994826738 7.33741451295
402 7.66288878907 7.33720000456
403 7.66174485052 7.33349825154
404 7.6622500913 7.33702780202
405 7.6647215911 7.34030489627
406 7.66728118826 7.3398553513
407 7.66813372577 7.33895775605
408 7.67202667275 7.33764433845
409 7.67405146899 7.34183641266
410 7.67552774339 7.345084487
411 7.67554874775 7.34676911683
412 7.68202602992 7.34668993141
413 7.68361107333 7.35132768403
414 7.68633968873 7.35442853549
415 7.69109672108 7.35402374277
416 7.69485203878 7.35402374277
417 7.69695830418 7.36081733166
418 7.69812708606 7.36453776618
419 7.69933695067 7.36453776618
420 7.70150629198 7.35387770441
421 7.70469616354 7.35169981357
422 7.69273545348 7.35169981357
423 7.69041654332 7.34838466742
424 7.6922831788 7.35246027403
425 7.65678996716 7.34999156721
426 7.65152370318 7.35100995672
427 7.65301122694 7.34727710568
428 7.65462288379 7.34911260864
429 7.65459169993 7.34446058998
430 7.65230375503 7.34293456325
431 7.65275044703 7.34036156418
432 7.65379424871 7.34010733705
433 7.65382953392 7.33855267523
434 7.65515045223 7.33687525403
435 7.65672570961 7.34175515613
436 7.65675299078 7.33683974383
437 7.65780083342 7.33750067737
438 7.65928527048 7.34009226409
439 7.66109533035 7.34116235891
440 7.66448432057 7.34346246576
441 7.66556069482 7.34587731191
442 7.67181416506 7.343257651
443 7.67073000967 7.33924446293
444 7.67328334411 7.33925931649
445 7.66179403307 7.33572457515
446 7.66181430773 7.33317745058
447 7.66251854878 7.33188765356
448 7.66408973944 7.33093501192
449 7.6653045701 7.32943977896
450 7.66605072248 7.32923610713
451 7.66594040652 7.32807775782
452 7.66595714403 7.32838136969
453 7.66799750014 7.32906451881
454 7.66748723025 7.33556837307
455 7.66857707452 7.33628904608
456 7.66768933572 7.33843880845
457 7.66856413631 7.33571324818
458 7.6745169655 7.33605276615
459 7.67490454006 7.3329003716
460 7.68069463805 7.34095602204
461 7.68745248835 7.34267281197
462 7.69958699446 7.34677841705
463 7.70106775902 7.34171988582
464 7.70778003164 7.34743363715
465 7.71302045751 7.34877928343
466 7.71652763508 7.34882079736
467 7.71887743435 7.34675020525
468 7.72740408925 7.34850142746
469 7.72831368801 7.34757937287
470 7.72953623368 7.34661605983
471 7.7398186585 7.35104997194
472 7.74775138375 7.34979776455
473 7.74802767741 7.35039495383
474 7.7480229675 7.3499863994
475 7.73571343498 7.3458370819
476 7.73703992355 7.3458370819
477 7.73935897557 7.34536392279
478 7.73787597041 7.34851752416
479 7.73879812872 7.34846177738
480 7.72981914468 7.34846177738
481 7.73056851823 7.34846177738
482 7.73376963743 7.35136557518
483 7.73415263995 7.35063931655
484 7.72705915803 7.33803051305
485 7.72673458689 7.33375617655
486 7.72724843401 7.33375617655
487 7.72709299466 7.33562069001
488 7.72876003485 7.33119397716
489 7.72797049943 7.33632354741
490 7.72832460303 7.33632354741
491 7.72927068192 7.33632354741
492 7.73052918216 7.33944811293
493 7.73010843242 7.34218968167
494 7.73282321871 7.35018315173
495 7.73370652835 7.35496983534
496 7.73545448885 7.35357317327
497 7.73675340428 7.35548286683
498 7.74068927438 7.35929141502
499 7.78347818285 7.36230921945
500 7.78853645384 7.36230921945
501 7.7798355929 7.36307436143
502 7.75950229883 7.35758005982
503 7.76226747459 7.35756118025
504 7.76400124082 7.3606122866
505 7.76385699134 7.36285740627
506 7.7487476681 7.36051175775
507 7.7476466538 7.3587585453
508 7.7514861312 7.36596246247
509 7.75254567729 7.37832628832
510 7.75505999125 7.38821784885
511 7.75913914323 7.3895603237
512 7.76055964041 7.38505228475
513 7.76562727229 7.38292856379
514 7.76847559416 7.3850347571
515 7.77237055033 7.38821310548
516 7.77476410424 7.38717147658
517 7.75993093992 7.38599033397
518 7.7323960637 7.38599033397
519 7.73565095131 7.38985263586
520 7.73914136616 7.39270932892
521 7.74162613258 7.39208221649
522 7.74193287938 7.39377087693
523 7.74475442 7.39671505594
524 7.74513613396 7.39814571676
525 7.75442754264 7.4031411484
526 7.76141339179 7.40885221789
527 7.75339791606 7.41893895105
528 7.75792270809 7.4218396575
529 7.77222039696 7.45715575669
530 7.77309890394 7.4730200234
531 7.77665418213 7.47647034925
532 7.78837010685 7.4828171823
533 7.79740521537 7.48705089782
534 7.80455737656 7.49882541532
535 7.80910811649 7.49768592749
536 7.81415368912 7.49808713813
537 7.8183586994 7.49570297458
538 7.82114141148 7.4944817482
539 7.82866921544 7.50417201312
540 7.83362976395 7.51865422814
541 7.83796154029 7.51896608611
542 7.8411468954 7.52609162718
543 7.84482924128 7.52932070923
544 7.85222029084 7.53622746008
545 7.85746254984 7.53569833105
546 7.85812653365 7.53640684576
547 7.86235413655 7.53401576459
548 7.86479894739 7.53223216773
549 7.90407827695 7.53910646017
550 7.91409505431 7.54264640552
551 7.91191193157 7.54843745638
552 7.92058009755 7.55322067103
553 7.93025814955 7.55139796652
554 7.93306517221 7.55112434796
555 7.9385349138 7.55623563477
556 7.94052535476 7.55674569463
557 7.94250427707 7.55626527648
558 7.94434092284 7.55946724779
559 7.94796422353 7.55812467043
560 7.95040559505 7.5576170897
561 7.95478152257 7.56184962909
562 7.95652610118 7.55980590337
563 7.95644888832 7.55967863581
564 7.95890552857 7.55819399668
565 7.95581650532 7.55539517918
566 7.956822336 7.55291467189
567 7.96159183171 7.55083852226
568 7.96301913361 7.55031202089
569 7.96439384706 7.54791285073
570 7.96730542806 7.55046956105
571 7.97075578824 7.55216010504
572 7.97232403995 7.55323276948
573 7.97317826543 7.55340924449
574 7.97383471749 7.55229382541
575 7.97575721168 7.54984659552
576 7.96638616693 7.54590656117
577 7.96794283701 7.54438916621
578 7.97049018962 7.54959133957
579 7.97138350639 7.54853349028
580 7.96466326106 7.54376736321
581 7.96645928119 7.54543648371
582 7.96676315359 7.54377626705
583 7.96963351257 7.54482427656
584 7.9606561375 7.54120103047
585 7.96234674609 7.53809659394
586 7.96459696011 7.53694506724
587 7.96688914735 7.53930975017
588 7.96757447752 7.53835490045
589 7.96927529478 7.53654132118
590 7.97011746736 7.53638641984
591 7.96996604493 7.53882078038
592 7.97219232237 7.53994456102
593 7.97372227355 7.54145128547
594 7.9747958419 7.54012801215
595 7.97876449385 7.54280645266
596 7.98006489852 7.54474567681
597 7.98112712509 7.54618989859
598 7.98165084569 7.54865031862
599 7.98317724895 7.5503759999
600 7.98402086255 7.55302622075
601 7.98425728359 7.5522300222
602 7.98756955193 7.55374422286
603 7.99012065364 7.55337496196
604 7.99190007946 7.55357653462
605 7.99294238078 7.55305945873
606 7.99419778848 7.55313249386
607 7.99843494758 7.56194119942
608 8.00094205545 7.5670781103
609 7.99925901585 7.56628798206
610 8.00083858895 7.564975116
611 8.00304798666 7.564975116
612 8.0041526506 7.5637410945
613 8.00361660481 7.56615650197
614 8.00509622587 7.56823999732
615 8.00541094649 7.57072742021
616 8.00715137235 7.57646795127
617 8.0087860254 7.58136814572
618 8.00886099695 7.58245593967
619 8.01114615136 7.58348676725
620 8.01350137383 7.58684661066
621 8.01419989657 7.58903138984
622 8.01536714604 7.59146697421
623 8.01735261546 7.59146697421
624 8.01781833148 7.59146697421
625 8.01780309204 7.59384208589
626 8.01985467129 7.59134323528
627 8.00394853179 7.5939743733
628 8.00435495838 7.59495603781
629 8.00366690433 7.59542019068
630 8.0039419579 7.59902679486
631 8.00300422306 7.59764767933
632 8.00335757955 7.59764767933
633 8.00246460379 7.59878227548
634 8.00343559671 7.60190640935
635 8.00342882597 7.60138770711
636 8.0043635407 7.59990335544
637 8.00699668457 7.60173813835
638 8.00801514526 7.6008849728
639 8.0104953707 7.6012522456
640 8.0081450694 7.59963152679
641 8.00970098524 7.59901397546
642 8.01290689887 7.59885967204
643 8.01611274287 7.59880147566
644 8.02011373288 7.60150624427
645 8.02282458138 7.60311474499
646 8.02512688365 7.60570662283
647 8.02676946403 7.60612356094
648 8.02728941483 7.61074067473
649 8.02936375102 7.61361308757
650 8.03000020536 7.61383058492
651 8.02990067288 7.61436330993
652 8.03060281814 7.61335376472
653 8.03123359603 7.61249823989
654 8.03164056575 7.61262719074
655 8.02257759596 7.61173992075
656 8.02394497955 7.61278010593
657 8.02493592289 7.61208572068
658 8.02975904025 7.61786993982
659 8.03287574532 7.61927999889
660 8.03359403359 7.6175408634
661 8.03436649379 7.61682714957
662 8.04052728392 7.61928028955
663 8.04270826837 7.6170462082
664 8.04619272832 7.61632175632
665 8.04913829829 7.62024335315
666 8.05347701291 7.62739092323
667 8.05636407341 7.63009706022
668 8.06036467076 7.63503830162
669 8.06311271841 7.63779459037
670 8.06690521388 7.64055329933
671 8.06573886709 7.64441862823
672 8.07031693991 7.64954451355
673 8.0741736532 7.65079878561
674 8.07851179867 7.65480551954
675 8.08020333674 7.65704112338
676 8.08553641414 7.65854334907
677 8.08898947611 7.66054756748
678 8.09109673788 7.66183270473
679 8.09589246938 7.66660287655
680 8.09849887506 7.66484621194
681 8.09210672554 7.66286793257
682 8.09501636279 7.66588514229
683 8.09166371466 7.66742044421
684 8.09186839021 7.66511170379
685 8.09422941725 7.66851720533
686 8.09185976508 7.66986568523
687 8.09195819285 7.66371223371
688 8.09331795986 7.6617405011
689 8.09539661144 7.66666088971
690 8.09768416381 7.66761420959
691 8.08999973798 7.6718995918
692 8.09302733851 7.6726379136
693 8.0943092039 7.67407728118
694 8.09511472879 7.67317840588
695 8.09632606094 7.67620783977
696 8.09674605948 7.67652212566
697 8.09723791654 7.67626611385
698 8.09751494004 7.67684320787
699 8.09924404375 7.67788433867
700 8.10353632301 7.67999788911
701 8.10649398672 7.68290700829
702 8.1075006546 7.68285303005
703 8.10896119851 7.68487772876
704 8.11047413232 7.68512279903
705 8.11063664871 7.6839898165
706 8.11117339847 7.68716788424
707 8.11353945278 7.68725321962
708 8.11463688803 7.68678999561
709 8.11658492596 7.6858255419
710 8.12002017633 7.68485243124
711 8.1222305628 7.68516847136
712 8.12381243828 7.68741161255
713 8.12361831101 7.68827057762
714 8.12557553636 7.68574625145
715 8.12693719213 7.68474004287
716 8.12847759857 7.68504581519
717 8.13035188857 7.68800719557
718 8.13187378628 7.68871852839
719 8.13275643898 7.68789760853
720 8.13438493219 7.689034127
721 8.1397952235 7.69433581018
722 8.15115196827 7.69527827112
723 8.15350915237 7.69660694299
724 8.15612580762 7.69828287671
725 8.15769041081 7.70021791052
726 8.16075768172 7.70693007942
727 8.1648519205 7.71569376962
728 8.16520513825 7.72387041173
729 8.16564045529 7.72841808369
730 8.17019033796 7.72999134562
731 8.17011375751 7.73092751527
732 8.17134576768 7.73325853885
733 8.17174515313 7.73259996271
734 8.17378435371 7.73255955288
735 8.17535454434 7.73234287874
736 8.17494584162 7.73240817141
737 8.17569088256 7.73382162287
738 8.17610621572 7.73305017059
739 8.17612712032 7.73218812035
740 8.17348663689 7.73382260385
741 8.17202947813 7.73478899967
742 8.17367659496 7.73156033903
743 8.17460740294 7.72971971062
744 8.17543639141 7.73041123955
745 8.17544091085 7.72931136986
746 8.17479478487 7.73061648952
747 8.16017155366 7.72946029908
748 8.20408687788 7.73010514812
749 8.21859569882 7.72854940909
750 8.24275518177 7.72723104452
751 8.27737836646 7.72723104452
752 8.27775416451 7.72702932748
753 8.27917797101 7.7275750565
754 8.28000535002 7.72855496582
755 8.28032178592 7.72855496582
756 8.27991225768 7.72673043177
757 8.28009795633 7.72505984232
758 8.28049511317 7.72325119024
759 8.2834415707 7.724141255
760 8.28535740107 7.72484402046
761 8.28706313568 7.7244890416
762 8.28890423774 7.72580783551
763 8.29323074029 7.72733864309
764 8.29419570137 7.72639706935
765 8.29511227206 7.72674051545
766 8.30236761003 7.73388273945
767 8.3049404159 7.73502894409
768 8.30692145133 7.73348513271
769 8.30833729153 7.73105133617
770 8.31373499395 7.73233544469
771 8.31407919085 7.73233544469
772 8.31577690871 7.73382267949
773 8.31800264824 7.73278647551
774 8.31877787275 7.73412724892
775 8.31987660964 7.73599936938
776 8.32062643208 7.73701025658
777 8.32077706589 7.73783564458
778 8.32195401623 7.74093133963
779 8.32284725351 7.73987862052
780 8.32512605906 7.74525168198
781 8.32088150334 7.74490293919
782 8.32068099457 7.74483687592
783 8.32221178133 7.74826646875
784 8.32187214444 7.74832568759
785 8.32321052432 7.74780599062
786 8.32351097788 7.7463907546
787 8.32549783585 7.75068200616
788 8.32686284169 7.75422347942
789 8.32850073109 7.75640524384
790 8.32922782207 7.75601591398
791 8.32892844053 7.75661378911
792 8.32874524032 7.75134860514
793 8.32913182298 7.74818601563
794 8.32936249414 7.74849750719
795 8.32965362162 7.74764243477
796 8.32913272744 7.74382197901
797 8.33019202391 7.74279280554
798 8.32320316205 7.74268104314
799 8.32473849264 7.74264196941
800 8.32521886938 7.74143728767
801 8.31165855651 7.7405301939
802 8.29880930901 7.73871241519
803 8.29113095542 7.73863677185
804 8.29167230743 7.73908608077
805 8.2890141112 7.74020126483
806 8.28986924712 7.73888444303
807 8.28938901876 7.73832525478
808 8.28930647653 7.74138014858
809 8.29059156911 7.74260829841
810 8.29098916873 7.74479120367
811 8.29115196707 7.74834707455
812 8.29389513813 7.74582774168
813 8.29410855756 7.74653995395
814 8.29591466808 7.7447293192
815 8.29564666925 7.74426023559
816 8.29535376107 7.74191929128
817 8.29539551947 7.7414078732
818 8.29739321817 7.7473874145
819 8.31509746166 7.74779503138
820 8.3210619155 7.75348765496
821 8.32227461647 7.75695879597
822 8.32519195011 7.75784560692
823 8.32703494548 7.75714036486
824 8.32844943217 7.75451559388
825 8.32873369766 7.75304449958
826 8.33134297086 7.75171614535
827 8.33228017385 7.74999724948
828 8.33298957984 7.74991190434
829 8.33494510285 7.75376584556
830 8.33593206668 7.7541064326
831 8.33792530355 7.75513438399
832 8.33757665718 7.75342496322
833 8.34006865595 7.7532075314
834 8.34187448383 7.75430532349
835 8.34313182731 7.75393851396
836 8.34466032821 7.7545740015
837 8.34485678642 7.75463412788
838 8.34514361037 7.75486910491
839 8.34622527522 7.75489711724
840 8.34907115417 7.75465955249
841 8.3503309334 7.75449304166
842 8.35222026461 7.7580014607
843 8.35255044236 7.76681183042
844 8.3527003612 7.76883580105
845 8.35303700092 7.76927714466
846 8.35472582677 7.76927714466
847 8.34660143404 7.76840344443
848 8.347449798 7.77080525836
849 8.3486066857 7.77402643324
850 8.35018684847 7.7749759577
851 8.35056974147 7.77732449786
852 8.34805467513 7.77790438155
853 8.34865338219 7.77964528457
854 8.3484073484 7.78682644251
855 8.34932540737 7.79050612339
856 8.34901164432 7.78975204987
857 8.34973815902 7.79018691159
858 8.35094764688 7.79446393438
859 8.3556040404 7.79754364206
860 8.3574608436 7.80028788374
861 8.35583797237 7.80186533449
862 8.35554979999 7.80185362137
863 8.3567367742 7.80341066107
864 8.3562748909 7.8041776828
865 8.35631490475 7.80463296266
866 8.35656566165 7.80605884321
867 8.34483803464 7.80904352225
868 8.34521083657 7.81148416069
869 8.34506730158 7.81454148761
870 8.34521891315 7.81485793642
871 8.34440938409 7.81603180527
872 8.34380761924 7.81741436316
873 8.34383293816 7.81986902496
874 8.34389014839 7.81981292489
875 8.34378314629 7.81720985535
876 8.34440426601 7.81626654585
877 8.34557454554 7.8172425488
878 8.34505489446 7.81998030704
879 8.34610114564 7.82303676202
880 8.34613180268 7.82303676202
881 8.34606734745 7.82470382933
882 8.34083896503 7.82504713668
883 8.34098593072 7.82550144121
884 8.34085976138 7.82567735943
885 8.34125448885 7.82631060718
886 8.34464259064 7.828631622
887 8.34492845729 7.82941968211
888 8.34542555027 7.82950230021
889 8.34507865225 7.83260172946
890 8.34506319161 7.83335828039
891 8.34485660326 7.83557782622
892 8.34485382641 7.83577302938
893 8.3458030485 7.83781943016
894 8.34606428972 7.83939851761
895 8.34659423905 7.84228940582
896 8.34697244507 7.8434456566
897 8.3483415527 7.84378662643
898 8.34933357664 7.84577638902
899 8.34941875674 7.84711755293
