0 1.76955734046 0.0
1 1.59553912286 0.0
2 1.63223493575 0.0
3 1.65623554991 0.0
4 1.64527067593 0.0
5 1.59449116032 0.0
6 1.57969505807 0.0
7 1.58343301068 0.337290066617
8 1.5804115618 0.614369445887
9 1.57577550913 0.879506460812
10 1.56927342817 1.34469837516
11 1.60007674044 1.59618499678
12 1.55157566534 1.72026342571
13 1.53545541853 1.67733734415
14 1.52140399153 1.9787554756
15 1.53116506958 2.22431597396
16 1.54194912506 2.34345539294
17 1.53820839587 2.45735054004
18 1.53757873219 2.75429807774
19 1.54429296074 2.86111918856
20 1.55659248204 2.90503923122
21 1.57122744141 2.94680719918
22 1.56034750575 2.90933052497
23 1.59017986787 2.91473259093
24 1.60854615728 2.87944845199
25 1.6076238153 2.8450177368
26 1.62736681598 2.89262206947
27 1.6206444951 3.00087612611
28 1.61734261173 2.96900468254
29 1.57832618617 3.00452252905
30 1.59298179229 3.0696239739
31 1.61705987309 3.25701103666
32 1.58915990019 3.23524252423
33 1.58344605127 3.26290902438
34 1.60232901912 3.31562765705
35 1.57249642363 3.3470648364
36 1.56353072823 3.38933899426
37 1.53501438254 3.47642396987
38 1.54701440449 3.51588370472
39 1.5519597798 3.51709231476
40 1.56216447524 3.55499791765
41 1.58120064496 3.68138073362
42 1.60016226802 3.72120091938
43 1.63819702978 3.75972686922
44 1.69011152506 3.75972686922
45 1.74826383501 3.75972686922
46 1.81378066152 3.84655561947
47 1.86865038232 3.94540840212
48 1.95225357885 3.94553116318
49 2.02460070617 4.09443962211
50 2.18694095426 4.09270550186
51 2.32942861684 3.97510282338
52 2.38455030855 3.91757739004
53 2.44898401785 3.90432035057
54 2.49262892124 3.88148745391
55 2.51114578229 3.83681590926
56 2.56394858226 3.81496859206
57 2.63739997152 3.7432388086
58 2.69942685977 3.6667677596
59 2.73060905884 3.6667677596
60 2.75735637536 3.59465277428
61 2.76497017954 3.58411288179
62 2.77485038972 3.58411288179
63 2.78155986348 3.55221611998
64 2.78513225654 3.47912458586
65 2.79486613698 3.49159891391
66 2.80534058052 3.44416973332
67 2.81371193473 3.46512394397
68 2.83313369955 3.56194440082
69 2.85464433723 3.65546970128
70 2.86447515512 3.73331808275
71 2.86135368891 3.73245460113
72 2.87263960479 3.76664400733
73 2.87025128588 3.77148431754
74 2.87846030997 3.75766798272
75 2.8768041939 3.72416598924
76 2.88910755179 3.72416598924
77 2.8834450915 3.72413782515
78 2.89213124722 3.74958339228
79 2.92915646497 3.66267389436
80 2.94424397715 3.6875259665
81 2.9541013375 3.66938608929
82 2.95536055511 3.66938608929
83 2.96663360871 3.66421714269
84 2.97519182275 3.66459380415
85 2.98825613529 3.67945988906
86 2.99669683042 3.7248965997
87 3.00549752125 3.69091614138
88 3.01194847433 3.66401368329
89 3.01813075698 3.64692112819
90 3.03447037119 3.6653012361
91 3.03832751055 3.63800878908
92 3.03019110788 3.65132577297
93 3.01990401921 3.65132577297
94 3.0308750647 3.67369558195
95 3.03824171444 3.6691773155
96 3.04834344251 3.68511370919
97 3.05033002962 3.70584979717
98 3.05771210625 3.71480228155
99 3.05843012126 3.69935857858
100 3.06902696 3.73584102709
101 3.08779933254 3.73635925848
102 3.10349826827 3.68265200223
103 3.11663945591 3.67318018145
104 3.12387211533 3.68067995529
105 3.1414926628 3.6853662467
106 3.14851085666 3.67556699849
107 3.15798313404 3.67556699849
108 3.15983450908 3.65731613998
109 3.16367967299 3.64351046702
110 3.17360307337 3.625718445
111 3.17725372601 3.59430702391
112 3.18348773164 3.56583511545
113 3.1969826318 3.58003467953
114 3.20369263619 3.58293602377
115 3.21072791146 3.60257102718
116 3.21971907984 3.60257102718
117 3.22619027708 3.5999178197
118 3.22974351655 3.59173767078
119 3.23376858443 3.59329925858
120 3.2345954747 3.60903066126
121 3.23558905965 3.60626238633
122 3.23992814314 3.61115080864
123 3.24011584808 3.60743672557
124 3.23960128677 3.63433317902
125 3.24004980107 3.63433317902
126 3.24038747368 3.63433317902
127 3.24318995081 3.64771039485
128 3.25257127411 3.64337178633
129 3.26074339999 3.64816344478
130 3.26409103097 3.64949461033
131 3.27386391344 3.66151501907
132 3.27998848966 3.66731702479
133 3.29018046004 3.66731016812
134 3.3014526108 3.67311516964
135 3.30704876143 3.67897474511
136 3.31759182575 3.68767710638
137 3.34197398912 3.67697336129
138 3.35696410124 3.66895238653
139 3.36298993589 3.67713719649
140 3.36803071656 3.66990608039
141 3.38300555628 3.6541669009
142 3.38611675253 3.67228905992
143 3.39194670028 3.69827891113
144 3.39646210705 3.71400245652
145 3.39937309657 3.76815583441
146 3.40282253332 3.77929288986
147 3.40620580773 3.76521531203
148 3.41195410872 3.77650108239
149 3.4142627905 3.7838952135
150 3.41767782325 3.78080106506
151 3.42219271251 3.7663380912
152 3.41864950569 3.74827540113
153 3.41417988354 3.74527508581
154 3.40821948027 3.75718199546
155 3.40474092004 3.73949733217
156 3.4017792666 3.74010611696
157 3.39519078581 3.7263294452
158 3.4065435461 3.77742696441
159 3.41201323388 3.87853060839
160 3.412942897 3.92736452933
161 3.40966499081 3.93400157022
162 3.41190394214 3.94387433713
163 3.41602570233 3.99128935561
164 3.41864310495 3.98489565288
165 3.41022284265 3.97853033419
166 3.40565134011 3.97904353917
167 3.41144614899 3.97904353917
168 3.41456150883 3.98628758108
169 3.40441985403 3.99627476661
170 3.39895354442 4.04411068554
171 3.40204747675 4.0177934528
172 3.40033679359 4.04869088374
173 3.39563151514 4.05168304907
174 3.3886614319 4.04798534654
175 3.38004559395 4.06962065771
176 3.36498307147 4.08156489703
177 3.3546296086 4.05872279953
178 3.33503089199 4.05271360113
179 3.32453148645 4.04939595098
180 3.31482331696 4.04342557613
181 3.31555846278 4.04307976974
182 3.32008669487 4.04274038454
183 3.31341086831 4.04274038454
184 3.31155718419 4.07139922031
185 3.30532081253 4.09113862045
186 3.29880639859 4.21146772468
187 3.28352194487 4.21146772468
188 3.27725631192 4.23263841434
189 3.26252092367 4.23495531222
190 3.26363442636 4.23665057548
191 3.25227135243 4.24093623846
192 3.24956768566 4.24421733916
193 3.25683972454 4.26005361301
194 3.26518659566 4.25745984708
195 3.2710540426 4.2596931116
196 3.274944808 4.28424429817
197 3.27695717071 4.27206053145
198 3.27963836922 4.25680655219
199 3.27926408535 4.24168061639
200 3.27713131576 4.23876977387
201 3.26568722137 4.22322697583
202 3.25456589073 4.19017024944
203 3.24597553044 4.19511102628
204 3.24907241625 4.18971658481
205 3.25566423512 4.20522522642
206 3.25871508076 4.20217850215
207 3.25905979761 4.20688538772
208 3.26615427258 4.21410443157
209 3.27341594668 4.21410443157
210 3.28681117601 4.22942646007
211 3.29324324145 4.22942646007
212 3.29619314819 4.23490299847
213 3.30003363309 4.23490299847
214 3.30486734517 4.23490299847
215 3.31834129687 4.24798317138
216 3.33005749901 4.26028394377
217 3.33746382046 4.25632001692
218 3.34706733911 4.26684884481
219 3.34693679152 4.26684884481
220 3.35934362838 4.26674246951
221 3.37323029567 4.26141472945
222 3.38897049642 4.26141472945
223 3.3951986638 4.2508128634
224 3.40030564511 4.26582071107
225 3.40394625783 4.26790495369
226 3.40775392106 4.2780246237
227 3.40939828971 4.2780246237
228 3.41271269672 4.2780246237
229 3.41563372766 4.28009372002
230 3.42500118342 4.28009372002
231 3.44838776824 4.29514248935
232 3.44841352998 4.29514248935
233 3.45126219042 4.30248400266
234 3.45053019546 4.30694810507
235 3.44922128251 4.31426522823
236 3.44944326242 4.32416503421
237 3.44842372076 4.32416503421
238 3.44871301685 4.32416503421
239 3.45305302918 4.33144625822
240 3.45532102645 4.33144625822
241 3.45779794385 4.33144625822
242 3.46525210742 4.35553446076
243 3.47055334743 4.35553446076
244 3.47350183365 4.35553446076
245 3.47385961098 4.35808896118
246 3.47529989776 4.36704933799
247 3.47722592024 4.39144847593
248 3.47866348302 4.40812766109
249 3.48057805152 4.41318492589
250 3.48194119651 4.41318492589
251 3.48315724281 4.41318492589
252 3.48563571571 4.41823341061
253 3.4878099231 4.41823341061
254 3.4977476257 4.44974279295
255 3.50191054677 4.44974279295
256 3.50405825399 4.44089825316
257 3.49244612999 4.44586863889
258 3.49646383012 4.45283052799
259 3.49659168455 4.45653807784
260 3.49957833077 4.45653807784
261 3.50230284923 4.45653807784
262 3.50443462323 4.45913846513
263 3.50080359845 4.46825443819
264 3.50036277298 4.46825443819
265 3.49625310318 4.46825443819
266 3.49701437453 4.47685509248
267 3.48697737378 4.48612901385
268 3.48522311134 4.4883512378
269 3.50119463254 4.55151248954
270 3.50343100306 4.55151248954
271 3.51088556651 4.55983077794
272 3.51754044616 4.58633513363
273 3.5267416536 4.62340492608
274 3.53116616458 4.64147237916
275 3.53114061103 4.64147237916
276 3.5349868164 4.64762434041
277 3.53939460137 4.64762434041
278 3.54219471185 4.64762434041
279 3.5449250231 4.64762434041
280 3.54877250112 4.64762434041
281 3.55319626134 4.67359865007
282 3.55805415021 4.67359865007
283 3.56423461921 4.6898326967
284 3.57066237813 4.69819031114
285 3.57471486761 4.69819031114
286 3.57990403966 4.72911586969
287 3.58168534248 4.72911586969
288 3.58535170284 4.74179924689
289 3.58738326903 4.7502346373
290 3.58849132385 4.76025099958
291 3.59027729901 4.76160122799
292 3.59284577916 4.76160122799
293 3.59610339933 4.76455712514
294 3.59791875928 4.76565181151
295 3.59855139801 4.76856250617
296 3.59970543102 4.76856250617
297 3.59989524022 4.76856250617
298 3.60071782908 4.77919519219
299 3.60310055263 4.78646363672
300 3.60462478823 4.79887562664
301 3.60219254786 4.79887562664
302 3.60404964004 4.80506632749
303 3.60351507371 4.80871480253
304 3.60587690112 4.8148875352
305 3.60689439501 4.82105015716
306 3.60742721121 4.82105015716
307 3.60862056189 4.82105015716
308 3.61040344778 4.82105015716
309 3.61302049852 4.82105015716
310 3.61836351016 4.84059278994
311 3.6209221398 4.84669671291
312 3.62242319259 4.84669671291
313 3.6252805551 4.84669671291
314 3.63030904454 4.84669671291
315 3.63368172074 4.85881388077
316 3.63671771686 4.8630689941
317 3.63986746027 4.86618873702
318 3.64718968583 4.86930401299
319 3.65409746676 4.86930401299
320 3.66767771657 4.89596403086
321 3.67180704798 4.89596403086
322 3.67661912059 4.9209679503
323 3.68243885316 4.95242009101
324 3.6851191238 4.96294937243
325 3.68972536709 4.97617332434
326 3.69152165345 4.97617332434
327 3.69462730403 4.97617332434
328 3.70135359431 4.97617332434
329 3.7045209234 4.97617332434
330 3.70608292329 4.98038926077
331 3.70950452849 4.98620917073
332 3.71383748384 4.98621968336
333 3.71759174623 4.99430258131
334 3.7225365726 4.99430258131
335 3.7293272969 4.99645967247
336 3.72986939127 4.99645967247
337 3.73475748443 4.99645967247
338 3.74318827061 5.01875255146
339 3.75059007539 5.03338420478
340 3.75878157651 5.04628190025
341 3.76892786479 5.04595642383
342 3.77805890424 5.05759584535
343 3.78363991425 5.0624225583
344 3.7882903927 5.07239181596
345 3.79344709134 5.09707881217
346 3.80081946302 5.10548430206
347 3.8032260004 5.10705283473
348 3.80688779201 5.11258756068
349 3.80892530506 5.12103246598
350 3.81272637015 5.14390300496
351 3.81715078671 5.15165057332
352 3.81751875588 5.15165057332
353 3.81777828195 5.15165057332
354 3.82731776664 5.15383154738
355 3.83827446272 5.15383154738
356 3.84546565375 5.15655438374
357 3.84961686805 5.15655438374
358 3.85367167409 5.15655438374
359 3.85684456362 5.15655438374
360 3.85845708678 5.15655438374
361 3.85943349982 5.15820707147
362 3.86029810887 5.16279151215
363 3.86262841147 5.16279151215
364 3.86465709671 5.1681904481
365 3.86541718788 5.1681904481
366 3.86925441668 5.16927907347
367 3.86968629147 5.16927907347
368 3.87220377928 5.1746656886
369 3.87458267915 5.19469145407
370 3.87465377198 5.20013961202
371 3.87461003598 5.20013961202
372 3.87432990134 5.20190013827
373 3.87430676456 5.20190013827
374 3.8747514368 5.20190013827
375 3.87567759111 5.20190013827
376 3.87569535318 5.2038285385
377 3.87606617888 5.2038285385
378 3.87614948068 5.2038285385
379 3.87739941501 5.21650079119
380 3.88581658614 5.24494535834
381 3.8895174347 5.25164164215
382 3.89346928437 5.25164164215
383 3.89806037331 5.27258784753
384 3.90146197651 5.27488039914
385 3.90678269662 5.29773677178
386 3.90724741844 5.29773677178
387 3.91249327002 5.30806566035
388 3.91400409529 5.31454899182
389 3.91620481919 5.31454899182
390 4.00580546293 5.35095619291
391 4.0276817654 5.37103082348
392 4.03519114536 5.38184937965
393 4.04365821316 5.39987280572
394 4.05274264277 5.41306029641
395 4.06423892515 5.42636148631
396 4.07403306181 5.45253381112
397 4.07790545714 5.45818962008
398 4.07951285739 5.45818962008
399 4.08342864958 5.46060382357
400 4.08641343779 5.46118708404
401 4.08836373821 5.46170903469
402 4.09231719334 5.46867627051
403 4.09407048271 5.46867627051
404 4.09575429399 5.46908146203
405 4.09753048849 5.47215599341
406 4.09925497044 5.47245804901
407 4.10539608605 5.47281028821
408 4.11940060723 5.47816793555
409 4.12082701342 5.47842094132
410 4.12366878849 5.48710301026
411 4.12385460712 5.48710301026
412 4.12432883938 5.49203284145
413 4.12572168081 5.49214927851
414 4.12733825057 5.49308228221
415 4.12795472429 5.49308228221
416 4.12869964444 5.49315920366
417 4.12953357975 5.49315920366
418 4.13268445644 5.49404973938
419 4.13567756507 5.49404973938
420 4.13676207088 5.50128047602
421 4.13750054544 5.51387816634
422 4.13784062996 5.51376895787
423 4.13796956309 5.51698536325
424 4.13899769333 5.51698536325
425 4.13956150942 5.51698536325
426 4.13960628357 5.51698536325
427 4.14063202238 5.52168587683
428 4.1408025833 5.52396747584
429 4.140763405 5.52396747584
430 4.14034153136 5.52396747584
431 4.14159131963 5.5286574121
432 4.14127164781 5.5286574121
433 4.14123569794 5.5286574121
434 4.14273801147 5.53340956161
435 4.14427784847 5.53340956161
436 4.1445048096 5.53340956161
437 4.14625487928 5.53808177992
438 4.14679370876 5.53808177992
439 4.14693415588 5.53808177992
440 4.14747627368 5.53808177992
441 4.14811461011 5.53808177992
442 4.14829292241 5.53808177992
443 4.1482904803 5.53808177992
444 4.14887780361 5.53525608959
445 4.14985519539 5.53593030299
446 4.15309236901 5.54505991831
447 4.15593840363 5.55875639993
448 4.15764303736 5.55875639993
449 4.16165105358 5.56734500338
450 4.16568818897 5.56706517606
451 4.16828220944 5.56989860838
452 4.16997142987 5.58041675086
453 4.17182228824 5.58005327329
454 4.17313796214 5.58463100976
455 4.17468826118 5.58618850302
456 4.17528980652 5.58618850302
457 4.17588571611 5.58930210135
458 4.17726551672 5.58930210135
459 4.17925393509 5.59490737971
460 4.18305167249 5.60548237209
461 4.18589015421 5.60812277685
462 4.1902515465 5.62232506192
463 4.19051638157 5.62232506192
