0 0.0 0.0
1 0.0 0.0
2 0.0 0.0
3 0.0 0.0
4 0.413816850304 0.0
5 0.125658050173 0.0
6 0.0730661193138 0.0
7 0.0690543821257 0.0
8 0.0556223658183 0.0
9 0.0342803863197 0.0
10 0.030670777441 0.0
11 0.0305073955405 0.0
12 0.0266440440553 0.0
13 0.0246324406227 0.0
14 0.0246324406227 0.0
15 0.0246324406227 0.0
16 0.0234156505333 0.0
17 0.0227451841253 0.0
18 0.0223622082771 0.0
19 0.0215972231583 0.0
20 0.0211421672449 0.0
21 0.0211421672449 0.0
22 0.0206013084734 0.0
23 0.0181505464608 0.0
24 0.0181505464608 0.0
25 0.0180971767146 0.0
26 0.0163971692451 0.0
27 0.0381393221863 1.58496250072
28 0.0377501851767 1.58496250072
29 0.0376223603223 1.58496250072
30 0.0357344409244 1.58496250072
31 0.0355830933231 1.58496250072
32 0.0328839151971 1.58496250072
33 0.0292397308145 1.58496250072
34 0.0279894377533 1.58496250072
35 0.0275033673102 1.58496250072
36 0.0275033673102 1.58496250072
37 0.0271399563529 1.58496250072
38 0.0269102314182 1.58496250072
39 0.0268689094895 1.58496250072
40 0.0268689094895 1.58496250072
41 0.0268689094895 1.58496250072
42 0.0268277231341 1.58496250072
43 0.0267457544164 1.58496250072
44 0.0253932563322 1.58496250072
45 0.0342707043466 1.58496250072
46 0.0617852565305 1.58496250072
47 0.137445315884 1.58496250072
48 0.501733777513 1.58496250072
49 0.769180376445 1.58496250072
50 0.801348845971 1.58496250072
51 0.800675009096 1.58496250072
52 0.812372509197 1.58496250072
53 0.807771755341 1.58496250072
54 0.833476501894 1.58496250072
55 0.833859488354 1.58496250072
56 0.835211228376 1.58496250072
57 0.835211228376 1.58496250072
58 0.835211228376 1.58496250072
59 0.827898191205 1.58496250072
60 0.887832469384 1.58496250072
61 0.887832469384 1.58496250072
62 0.894493881217 1.58496250072
63 0.895305797806 1.58496250072
64 0.897534754518 1.58496250072
65 0.902057919236 1.58496250072
66 0.902649824339 1.58496250072
67 0.902473167992 1.58496250072
68 0.902473167992 1.58496250072
69 0.899826910557 1.58496250072
70 0.897187624408 1.58496250072
71 0.897965239485 1.58496250072
72 0.895688967136 1.58496250072
73 0.895339262109 1.58496250072
74 0.897279834791 1.58496250072
75 0.900395915817 1.58496250072
76 0.895086823702 1.58496250072
77 0.897360705802 1.58496250072
78 0.906132715656 2.32192809489
79 0.906132715656 2.32192809489
80 0.905790011956 2.32192809489
81 0.904078346869 2.32192809489
82 0.904078346869 2.32192809489
83 0.904078346869 2.32192809489
84 0.904078346869 2.32192809489
85 0.903907352309 2.32192809489
86 0.903907352309 2.32192809489
87 0.907116917555 2.32192809489
88 0.904314465986 2.32192809489
89 0.90266979425 2.32192809489
90 0.901028053247 2.32192809489
91 0.944869037756 2.32192809489
92 0.950984804805 2.23592635063
93 0.95435416417 2.23592635063
94 0.954689420065 2.23592635063
95 0.962975348658 2.23592635063
96 0.962836408695 2.23592635063
97 0.964816804824 2.5
98 0.968580875552 2.5
99 0.971191509731 2.5
100 0.970617047212 2.5
101 0.975361222486 2.5
102 1.0067883703 2.5
103 1.01409737099 2.5
104 1.01872210843 2.5
105 1.0186239863 2.5
106 1.0186239863 2.5
107 1.01925439593 2.5
108 1.01915468794 2.5
109 1.01905494203 2.5
110 1.01895515834 2.5
111 1.01895515834 2.5
112 1.01795527208 2.5
113 1.01819117391 2.5
114 1.02014321393 2.5
115 1.02014321393 2.5
116 1.01975388749 2.5
117 1.01975388749 2.5
118 1.01975388749 2.5
119 1.01986640169 2.5
120 1.0197691259 2.5
121 1.02270253961 2.5
122 1.0226094303 2.5
123 1.0226094303 2.5
124 1.02251627883 2.5
125 1.02251627883 2.5
126 1.02251627883 2.5
127 1.02232984995 2.5
128 1.02214325401 2.5
129 1.02214325401 2.5
130 1.02195649205 2.5
131 1.03761666595 2.5
132 1.03729184643 2.5
133 1.03774887226 2.5
134 1.03788869747 2.5
135 1.05057300436 2.5
136 1.05071184618 2.5
137 1.04553647539 2.5
138 1.01964864385 2.5
139 0.973639961657 2.5
140 0.904931656463 2.5
141 0.847992983012 2.5
142 0.792748954263 2.5
143 0.75249029099 2.5
144 0.713452801326 2.5
145 0.683853211237 2.5
146 0.678387384459 2.5
147 0.673693070459 2.5
148 0.673693070459 2.5
149 0.673693070459 2.5
150 0.673693070459 2.5
151 0.676742117026 2.5
152 0.684797709523 2.37095059445
153 0.685127930631 2.37095059445
154 0.68529291456 2.37095059445
155 0.68529291456 2.37095059445
156 0.687266158956 2.37095059445
157 0.687430050776 2.37095059445
158 0.687430050776 2.37095059445
159 0.687757583611 2.37095059445
160 0.688084782403 2.37095059445
161 0.688411647592 2.37095059445
162 0.688574955223 2.37095059445
163 0.689064378918 2.37095059445
164 0.689553054965 2.37095059445
165 0.689878424362 2.37095059445
166 0.690040984834 2.37095059445
167 0.690040984834 2.37095059445
168 0.682475328174 2.37095059445
169 0.679674197871 2.37095059445
170 0.679603597881 2.37095059445
171 0.679603597881 2.37095059445
172 0.679603597881 2.37095059445
173 0.679603597881 2.37095059445
174 0.66717722978 2.37095059445
175 0.637987058714 2.37095059445
176 0.631427818876 2.37095059445
177 0.631427818876 2.37095059445
178 0.632071697954 2.37095059445
179 0.632071697954 2.37095059445
180 0.632071697954 2.37095059445
181 0.636069787128 2.37095059445
182 0.636069787128 2.37095059445
183 0.636808347505 2.41308843643
184 0.637126138331 2.41308843643
185 0.637284926835 2.41308843643
186 0.642172261765 2.41308843643
187 0.648071690144 2.41308843643
188 0.648225596306 2.41308843643
189 0.648533203861 2.41308843643
190 0.648502855124 2.41308843643
191 0.648602600987 2.41308843643
192 0.648572282474 2.41308843643
193 0.64866523068 2.41308843643
194 0.649125551479 2.41308843643
195 0.649125551479 2.41308843643
196 0.649125551479 2.41308843643
197 0.649095237925 2.41308843643
198 0.6542394236 2.41308843643
199 0.655896997703 2.41308843643
200 0.655896997703 2.41308843643
201 0.6567977573 2.41308843643
202 0.6567977573 2.41308843643
203 0.6567977573 2.41308843643
204 0.633661871762 2.41308843643
205 0.626160800935 2.41308843643
206 0.627623306754 2.41308843643
207 0.627623306754 2.41308843643
208 0.634418295232 2.41308843643
209 0.635133606805 2.41308843643
210 0.636596542523 2.31582433353
211 0.638021314494 2.31582433353
212 0.638021314494 2.31582433353
213 0.638021314494 2.31582433353
214 0.63844762969 2.31582433353
215 0.63844762969 2.31582433353
216 0.640289069555 2.31582433353
217 0.645895247958 2.31582433353
218 0.647144338933 2.31582433353
219 0.647144338933 2.31582433353
220 0.647421306745 2.31582433353
221 0.646795685971 2.31582433353
222 0.646795685971 2.31582433353
223 0.646795685971 2.31582433353
224 0.645987365997 2.31582433353
225 0.646677998358 2.31582433353
226 0.646677998358 2.31582433353
227 0.646677998358 2.31582433353
228 0.646677998358 2.31582433353
229 0.646677998358 2.31582433353
230 0.647367262708 2.31582433353
231 0.650793191387 2.31582433353
232 0.635660493385 2.31582433353
233 0.616540884737 2.31582433353
234 0.615795582695 2.31582433353
235 0.615795582695 2.31582433353
236 0.615795582695 2.31582433353
237 0.617919066041 2.31582433353
238 0.617775344672 2.31582433353
239 0.617775344672 2.31582433353
240 0.618441950201 2.31582433353
241 0.618575125553 2.31582433353
242 0.618575125553 2.31582433353
243 0.618575125553 2.31582433353
244 0.618708252376 2.31582433353
245 0.618708252376 2.31582433353
246 0.619107341927 2.31582433353
247 0.619083382835 2.31582433353
248 0.618580704724 2.31582433353
249 0.617220732357 2.31582433353
250 0.617486352178 2.31582433353
251 0.619868284844 2.31582433353
252 0.618929882789 2.31582433353
253 0.606886213839 2.31582433353
254 0.589268877128 2.31582433353
255 0.572073403852 2.31582433353
256 0.561128705132 2.31582433353
257 0.562632726214 2.31582433353
258 0.562460781659 2.31582433353
259 0.562675834794 2.31582433353
260 0.556505457814 2.31582433353
261 0.543038086791 2.52164063634
262 0.541016473074 2.52164063634
263 0.540147144858 2.52164063634
264 0.541387857368 2.52164063634
265 0.541387857368 2.52164063634
266 0.541387857368 2.52164063634
267 0.541387857368 2.52164063634
268 0.541300627092 2.52164063634
269 0.542511159555 2.4237949407
270 0.541220663056 2.4237949407
271 0.541556548366 2.4237949407
272 0.546344749634 2.4237949407
273 0.546344749634 2.4237949407
274 0.546449319562 2.4237949407
275 0.554285736149 2.4237949407
276 0.559752416142 2.4237949407
277 0.559752416142 2.4237949407
278 0.559752416142 2.4237949407
279 0.562457890368 2.4237949407
280 0.56200388955 2.4237949407
281 0.561221303181 2.4237949407
282 0.561010737154 2.4237949407
283 0.560975659651 2.4237949407
284 0.56092305241 2.4237949407
285 0.561156817739 2.4237949407
286 0.562089785874 2.4419235206
287 0.562556257631 2.4419235206
288 0.563487559166 2.4419235206
289 0.564068513596 2.4419235206
290 0.546866963589 2.4419235206
291 0.543124576195 2.4419235206
292 0.543124576195 2.4419235206
293 0.543124576195 2.4419235206
294 0.543351078322 2.4419235206
295 0.544820270859 2.4419235206
296 0.54628416063 2.4419235206
297 0.54628416063 2.4419235206
298 0.546396548721 2.4419235206
299 0.546508905618 2.4419235206
300 0.547152389463 2.3650623813
301 0.547825499357 2.3650623813
302 0.547825499357 2.3650623813
303 0.548273617566 2.3650623813
304 0.548385569522 2.3650623813
305 0.548721239365 2.3650623813
306 0.548721239365 2.3650623813
307 0.548721239365 2.3650623813
308 0.548721239365 2.3650623813
309 0.548721239365 2.3650623813
310 0.548944864368 2.3650623813
311 0.548944864368 2.3650623813
312 0.548944864368 2.3650623813
313 0.548944864368 2.3650623813
314 0.548944864368 2.3650623813
315 0.552062662697 2.3650623813
316 0.552062662697 2.3650623813
317 0.552062662697 2.3650623813
318 0.539836381886 2.3650623813
319 0.529657878758 2.3650623813
320 0.526016159207 2.3650623813
321 0.526630129751 2.53320621935
322 0.52661575052 2.53320621935
323 0.52762882538 2.53320621935
324 0.527600048882 2.53320621935
325 0.527542506256 2.53320621935
326 0.529994192436 2.53320621935
327 0.530100458065 2.53320621935
328 0.530889076469 2.45680178178
329 0.530889076469 2.45680178178
330 0.534800429223 2.45680178178
331 0.536061023314 2.45680178178
332 0.536270746141 2.45680178178
333 0.536375567327 2.45680178178
334 0.536660842111 2.45680178178
335 0.535188595858 2.45680178178
336 0.535397659428 2.45680178178
337 0.535275047531 2.45680178178
338 0.535275047531 2.45680178178
339 0.535275047531 2.45680178178
340 0.535275047531 2.45680178178
341 0.5429302401 2.45680178178
342 0.536299912093 2.45680178178
343 0.529397136047 2.45680178178
344 0.521680926711 2.45680178178
345 0.521680926711 2.45680178178
346 0.521680926711 2.45680178178
347 0.522675441297 2.45680178178
348 0.522675441297 2.45680178178
349 0.522675441297 2.45680178178
350 0.522675441297 2.45680178178
351 0.522675441297 2.45680178178
352 0.522675441297 2.45680178178
353 0.522675441297 2.45680178178
354 0.526728248577 2.45680178178
355 0.526924937094 2.45680178178
356 0.527219794799 2.45680178178
357 0.527808880799 2.45680178178
358 0.527808880799 2.45680178178
359 0.527808880799 2.45680178178
360 0.528690939717 2.45680178178
361 0.528886697472 2.45680178178
362 0.529029461583 2.45680178178
363 0.527382156375 2.45680178178
364 0.527327988356 2.45680178178
365 0.531753580449 2.45680178178
366 0.531946616826 2.45680178178
367 0.531946616826 2.45680178178
368 0.530606632645 2.45680178178
369 0.530197373376 2.45680178178
370 0.530197373376 2.45680178178
371 0.530197373376 2.45680178178
372 0.526055268361 2.45680178178
373 0.516440740141 2.45680178178
374 0.514048731529 2.45680178178
375 0.514048731529 2.45680178178
376 0.514048731529 2.45680178178
377 0.51483154269 2.58255181693
378 0.515020771669 2.58255181693
379 0.509495186647 2.58255181693
380 0.507512776183 2.58255181693
381 0.507512776183 2.58255181693
382 0.507512776183 2.58255181693
383 0.507512776183 2.58255181693
384 0.508357010612 2.58255181693
385 0.51106588708 2.58255181693
386 0.51106588708 2.58255181693
387 0.511158986737 2.58255181693
388 0.511531179595 2.58255181693
389 0.512476447345 2.5175594296
390 0.513288096208 2.5175594296
391 0.513473521027 2.5175594296
392 0.513658864038 2.5175594296
393 0.513844125298 2.5175594296
394 0.514584353953 2.5175594296
395 0.514584353953 2.5175594296
396 0.514584353953 2.5175594296
397 0.514584353953 2.5175594296
398 0.514584353953 2.5175594296
399 0.514769207302 2.5175594296
400 0.515876619671 2.5175594296
401 0.516245107904 2.5175594296
402 0.513269362951 2.5175594296
403 0.504441244262 2.5175594296
404 0.498197386193 2.5175594296
405 0.498197386193 2.5175594296
406 0.498197386193 2.5175594296
407 0.498197386193 2.5175594296
408 0.498197386193 2.5175594296
409 0.50250769867 2.5175594296
410 0.50250769867 2.5175594296
411 0.50250769867 2.5175594296
412 0.500022439133 2.5175594296
413 0.494300019101 2.5175594296
414 0.487083487924 2.5175594296
415 0.482864152627 2.5175594296
416 0.481338640634 2.5175594296
417 0.479524942318 2.5175594296
418 0.479569022833 2.5175594296
419 0.479903345469 2.5175594296
420 0.479903345469 2.5175594296
421 0.480055613401 2.5175594296
422 0.480399372186 2.5175594296
423 0.483100686511 2.5175594296
424 0.484043443272 2.5175594296
425 0.484043443272 2.5175594296
426 0.484043443272 2.5175594296
427 0.484043443272 2.5175594296
428 0.484043443272 2.5175594296
429 0.487539330829 2.5175594296
430 0.487539330829 2.5175594296
431 0.489318985807 2.5175594296
432 0.486921968806 2.5175594296
433 0.484081535644 2.5175594296
434 0.484333681188 2.5175594296
435 0.484417697008 2.5175594296
436 0.484417697008 2.5175594296
437 0.484398160156 2.5175594296
438 0.484398160156 2.5175594296
439 0.484398160156 2.5175594296
440 0.486242342546 2.5175594296
441 0.488494929812 2.5175594296
442 0.488494929812 2.5175594296
443 0.489633224208 2.5175594296
444 0.486932913307 2.5175594296
445 0.487822704393 2.45687143891
446 0.487813028909 2.45687143891
447 0.487895272999 2.45687143891
448 0.487895272999 2.45687143891
449 0.488224092371 2.45687143891
450 0.488224092371 2.45687143891
451 0.488224092371 2.45687143891
452 0.488963018908 2.45687143891
453 0.489045043588 2.45687143891
454 0.489025667255 2.45687143891
455 0.491315978569 2.45687143891
456 0.492537925343 2.45687143891
457 0.493594137055 2.45687143891
458 0.494404839641 2.45687143891
459 0.494404839641 2.45687143891
460 0.4935974562 2.45687143891
461 0.485033059264 2.45687143891
462 0.481704807425 2.45687143891
463 0.483433486726 2.45687143891
464 0.48382746895 2.45687143891
465 0.48382746895 2.45687143891
466 0.483906222308 2.45687143891
467 0.484142396285 2.45687143891
468 0.484142396285 2.45687143891
469 0.484142396285 2.45687143891
470 0.484142396285 2.45687143891
471 0.484299773899 2.45687143891
472 0.484299773899 2.45687143891
473 0.484299773899 2.45687143891
474 0.484299773899 2.45687143891
475 0.484570887382 2.47664823561
476 0.484728190571 2.47664823561
477 0.484806820681 2.47664823561
478 0.486141345423 2.47664823561
479 0.489031695561 2.47664823561
480 0.491361050612 2.47664823561
481 0.491361050612 2.47664823561
482 0.491670678991 2.47664823561
483 0.49220725387 2.42392012014
484 0.49220725387 2.42392012014
485 0.49220725387 2.42392012014
486 0.49220725387 2.42392012014
487 0.493057396483 2.42392012014
488 0.493134598655 2.42392012014
489 0.493211786923 2.42392012014
490 0.493982905849 2.42392012014
491 0.497206518296 2.42392012014
492 0.495792315595 2.42392012014
493 0.489487207565 2.42392012014
494 0.484132252805 2.42392012014
495 0.482170928401 2.42392012014
496 0.482320522978 2.42392012014
497 0.482320522978 2.42392012014
498 0.482461429103 2.42392012014
499 0.483199717615 2.42392012014
500 0.483199717615 2.42392012014
501 0.483199717615 2.42392012014
502 0.483199717615 2.42392012014
503 0.483199717615 2.42392012014
504 0.483199717615 2.42392012014
505 0.486248679645 2.42392012014
506 0.486248679645 2.42392012014
507 0.486322776121 2.42392012014
508 0.486470930879 2.42392012014
509 0.486527636737 2.42392012014
510 0.486601680858 2.42392012014
511 0.490140907813 2.42392012014
512 0.490287745464 2.42392012014
513 0.490287745464 2.42392012014
514 0.490287745464 2.42392012014
515 0.490287745464 2.42392012014
516 0.491021181722 2.42392012014
517 0.491021181722 2.42392012014
518 0.491021181722 2.42392012014
519 0.491167718768 2.42392012014
520 0.491167718768 2.42392012014
521 0.492118991929 2.42392012014
522 0.489886656698 2.42392012014
523 0.482693644344 2.42392012014
524 0.47545273993 2.42392012014
525 0.47359309037 2.42392012014
526 0.473664604907 2.42392012014
527 0.473879078103 2.42392012014
528 0.473879078103 2.42392012014
529 0.475662258042 2.42392012014
530 0.478004915111 2.42392012014
531 0.478783001006 2.42392012014
532 0.48047581313 2.42392012014
533 0.480546203682 2.42392012014
534 0.48102884191 2.37447000996
535 0.48102884191 2.37447000996
536 0.48102884191 2.37447000996
537 0.481099207466 2.37447000996
538 0.48201292045 2.37447000996
539 0.482433984329 2.37447000996
540 0.484812296981 2.37447000996
541 0.484747293729 2.37447000996
542 0.487944054279 2.37447000996
543 0.489809420302 2.37447000996
544 0.491581705876 2.37447000996
545 0.491787607018 2.37447000996
546 0.495408975083 2.37447000996
547 0.49561304475 2.37447000996
548 0.495681046329 2.37447000996
549 0.495953724663 2.37447000996
550 0.489037449208 2.37447000996
551 0.485820637949 2.43724238213
552 0.485812803713 2.43724238213
553 0.485852788838 2.43724238213
554 0.486104944337 2.43724238213
555 0.486104944337 2.43724238213
556 0.486104944337 2.43724238213
557 0.486104944337 2.43724238213
558 0.486104944337 2.43724238213
559 0.485999005406 2.43724238213
560 0.485515189629 2.43724238213
561 0.486065715624 2.43724238213
562 0.48613213566 2.43724238213
563 0.48613213566 2.43724238213
564 0.486589418726 2.39106111207
565 0.487252934467 2.39106111207
566 0.489105357276 2.39106111207
567 0.490555255416 2.39106111207
568 0.490884096382 2.39106111207
569 0.490884096382 2.39106111207
570 0.491520949284 2.39106111207
571 0.491717981632 2.39106111207
572 0.49178363898 2.39106111207
573 0.49178363898 2.39106111207
574 0.49178363898 2.39106111207
575 0.491914923539 2.39106111207
576 0.491914923539 2.39106111207
577 0.491437273798 2.39106111207
578 0.488514528566 2.39106111207
579 0.48690427739 2.39106111207
580 0.48690427739 2.39106111207
581 0.48690427739 2.39106111207
582 0.48690427739 2.39106111207
583 0.48690427739 2.39106111207
584 0.487161805168 2.39106111207
585 0.487161805168 2.39106111207
586 0.487161805168 2.39106111207
587 0.487161805168 2.39106111207
588 0.487161805168 2.39106111207
589 0.487161805168 2.39106111207
590 0.487161805168 2.39106111207
591 0.487161805168 2.39106111207
592 0.487354850021 2.39106111207
593 0.487612108637 2.39106111207
594 0.488447139092 2.39106111207
595 0.488447139092 2.39106111207
596 0.488447139092 2.39106111207
597 0.488831991962 2.39106111207
598 0.488960199778 2.39106111207
599 0.48915243987 2.39106111207
600 0.489344594059 2.39106111207
601 0.489344594059 2.39106111207
602 0.489728644977 2.39106111207
603 0.489728644977 2.39106111207
604 0.489728644977 2.39106111207
605 0.490367968155 2.39106111207
606 0.486383752243 2.39106111207
607 0.48122261825 2.39106111207
608 0.47828839799 2.39106111207
609 0.480676272852 2.39106111207
610 0.480676272852 2.39106111207
611 0.480676272852 2.39106111207
612 0.480676272852 2.39106111207
613 0.480676272852 2.39106111207
614 0.480738934349 2.39106111207
615 0.481044904442 2.39106111207
616 0.481107511063 2.39106111207
617 0.481107511063 2.39106111207
618 0.481107511063 2.39106111207
619 0.481733079795 2.39106111207
620 0.481733079795 2.39106111207
621 0.484164189148 2.39106111207
622 0.484226345796 2.39106111207
623 0.484226345796 2.39106111207
624 0.484653660941 2.34762665366
625 0.485274629154 2.34762665366
626 0.485398715641 2.34762665366
627 0.487132187665 2.34762665366
628 0.487255740701 2.34762665366
629 0.487255740701 2.34762665366
630 0.487502740495 2.34762665366
631 0.487626187286 2.34762665366
632 0.487626187286 2.34762665366
633 0.487626187286 2.34762665366
634 0.487626187286 2.34762665366
635 0.487626187286 2.34762665366
636 0.483125375478 2.34762665366
637 0.47778097422 2.34762665366
638 0.477061468525 2.34762665366
639 0.477061468525 2.34762665366
640 0.477061468525 2.34762665366
641 0.477061468525 2.34762665366
642 0.477061468525 2.34762665366
643 0.477061468525 2.34762665366
644 0.477061468525 2.34762665366
645 0.477061468525 2.34762665366
646 0.47730445142 2.34762665366
647 0.478396195038 2.34762665366
648 0.478396195038 2.34762665366
649 0.478396195038 2.34762665366
650 0.478396195038 2.34762665366
651 0.478577885638 2.34762665366
652 0.478638432269 2.34762665366
653 0.478759500186 2.34762665366
654 0.478880534326 2.34762665366
655 0.479001534704 2.34762665366
656 0.479414307651 2.34762665366
657 0.479414307651 2.34762665366
658 0.479595489716 2.34762665366
659 0.47976277263 2.34762665366
660 0.479823123637 2.34762665366
661 0.479883466243 2.34762665366
662 0.480064443666 2.34762665366
663 0.480064443666 2.34762665366
664 0.480064443666 2.34762665366
665 0.480064443666 2.34762665366
666 0.479691411917 2.34762665366
667 0.473956698302 2.34762665366
668 0.469367618456 2.34762665366
669 0.468890368456 2.34762665366
670 0.469423754524 2.34762665366
671 0.470548153425 2.34762665366
672 0.470227625133 2.34762665366
673 0.468891862187 2.34762665366
674 0.472852290189 2.42889790299
675 0.472624737129 2.42889790299
676 0.472843903612 2.38956235559
677 0.472733111031 2.38956235559
678 0.472713640147 2.38956235559
679 0.472486542741 2.38956235559
680 0.47324365716 2.38956235559
681 0.472919456924 2.38956235559
682 0.473035750064 2.38956235559
683 0.473152012232 2.38956235559
684 0.473152012232 2.38956235559
685 0.473268243442 2.38956235559
686 0.473268243442 2.38956235559
687 0.475008005912 2.38956235559
688 0.475644183422 2.38956235559
689 0.475644183422 2.38956235559
690 0.475644183422 2.38956235559
691 0.475644183422 2.38956235559
692 0.475701971709 2.38956235559
693 0.475875290588 2.38956235559
694 0.475875290588 2.38956235559
695 0.475875290588 2.38956235559
696 0.472791297281 2.38956235559
697 0.468753688566 2.38956235559
698 0.468925233187 2.38956235559
699 0.468925233187 2.38956235559
700 0.468925233187 2.38956235559
701 0.468925233187 2.38956235559
702 0.468982399797 2.38956235559
703 0.469039558943 2.38956235559
704 0.469096710628 2.38956235559
705 0.46921099162 2.38956235559
706 0.46921099162 2.38956235559
707 0.46921099162 2.38956235559
708 0.469439464141 2.38956235559
709 0.469553655696 2.38956235559
710 0.469781949457 2.38956235559
711 0.469781949457 2.38956235559
712 0.469839004293 2.38956235559
713 0.469839004293 2.38956235559
714 0.469562597363 2.38956235559
715 0.469443351077 2.38956235559
716 0.469380616797 2.38956235559
717 0.469380616797 2.38956235559
718 0.469494639581 2.38956235559
719 0.469494639581 2.38956235559
720 0.469494639581 2.38956235559
721 0.469494639581 2.38956235559
722 0.469494639581 2.38956235559
723 0.469608632668 2.38956235559
724 0.469779566644 2.38956235559
725 0.469836529802 2.38956235559
726 0.4672488365 2.38956235559
727 0.461604075724 2.38956235559
728 0.4592163214 2.38956235559
729 0.459833952273 2.38956235559
730 0.459946155867 2.38956235559
731 0.459946155867 2.38956235559
732 0.459946155867 2.38956235559
733 0.459946155867 2.38956235559
734 0.459946155867 2.38956235559
735 0.460424003281 2.35223859881
736 0.461879480102 2.35223859881
737 0.461991240792 2.35223859881
738 0.461979262771 2.35223859881
739 0.462202695605 2.35223859881
740 0.462202695605 2.35223859881
741 0.462202695605 2.35223859881
742 0.464430802591 2.35223859881
743 0.464430802591 2.35223859881
744 0.464430802591 2.35223859881
745 0.464430802591 2.35223859881
746 0.4644863608 2.35223859881
747 0.466094498542 2.35223859881
748 0.466094498542 2.35223859881
749 0.466205187707 2.35223859881
750 0.466260521818 2.35223859881
751 0.466260521818 2.35223859881
752 0.466260521818 2.35223859881
753 0.466260521818 2.35223859881
754 0.466315848951 2.35223859881
755 0.466481788493 2.35223859881
756 0.466481788493 2.35223859881
757 0.466592379988 2.35223859881
758 0.464608801204 2.35223859881
759 0.459381275542 2.35223859881
760 0.459079529531 2.35223859881
761 0.45875506278 2.35223859881
762 0.458401621674 2.35223859881
763 0.45837273662 2.35223859881
764 0.458314978602 2.35223859881
765 0.459945020036 2.392489088
766 0.459765701494 2.392489088
767 0.459450959539 2.42102950231
768 0.459487988265 2.42102950231
769 0.45953655113 2.42102950231
770 0.459796572908 2.42102950231
771 0.459972106507 2.44126686557
772 0.460014844255 2.44126686557
773 0.460014844255 2.44126686557
774 0.461323658285 2.44126686557
775 0.463183225962 2.44126686557
776 0.46334486125 2.44126686557
777 0.46334486125 2.44126686557
778 0.46334486125 2.44126686557
779 0.463452585107 2.44126686557
780 0.463452585107 2.44126686557
781 0.463883216767 2.44126686557
782 0.463990808794 2.44126686557
783 0.463990808794 2.44126686557
784 0.463990808794 2.44126686557
785 0.464044594931 2.44126686557
786 0.464205913858 2.44126686557
787 0.465815853062 2.44126686557
788 0.466232535119 2.44126686557
789 0.463123302108 2.44126686557
790 0.459368614994 2.44126686557
791 0.457985404192 2.44126686557
792 0.458196097102 2.44126686557
793 0.458196097102 2.44126686557
794 0.458196097102 2.44126686557
795 0.458196097102 2.44126686557
796 0.458196097102 2.44126686557
797 0.45835405079 2.44126686557
798 0.458511947949 2.44126686557
799 0.458506378249 2.44126686557
800 0.459032290476 2.44126686557
801 0.459084847224 2.44126686557
802 0.459686968508 2.40819116088
803 0.459686968508 2.40819116088
804 0.459686968508 2.40819116088
805 0.459686968508 2.40819116088
806 0.459686968508 2.40819116088
807 0.459791986928 2.40819116088
808 0.459791986928 2.40819116088
809 0.459896980332 2.40819116088
810 0.459896980332 2.40819116088
811 0.459896980332 2.40819116088
812 0.459949467657 2.40819116088
813 0.460001948732 2.40819116088
814 0.460001948732 2.40819116088
815 0.460159354469 2.40819116088
816 0.460159354469 2.40819116088
817 0.460211810557 2.40819116088
818 0.460631234589 2.40819116088
819 0.460631234589 2.40819116088
820 0.459878304046 2.40819116088
821 0.455140324384 2.40819116088
822 0.45359065713 2.40819116088
823 0.45359065713 2.40819116088
824 0.453536684349 2.40819116088
825 0.45339642167 2.40819116088
826 0.453288592667 2.40819116088
827 0.452696547015 2.40819116088
828 0.452691172638 2.40819116088
829 0.451940152162 2.40819116088
830 0.451517578727 2.40819116088
831 0.451474835277 2.40819116088
832 0.451794752297 2.40819116088
833 0.451948199595 2.40819116088
834 0.452521841313 2.40819116088
835 0.452852070911 2.40819116088
836 0.452903738708 2.40819116088
837 0.452898380666 2.40819116088
838 0.452898380666 2.40819116088
839 0.453330746162 2.59165248945
840 0.453330746162 2.59165248945
841 0.453320019925 2.59165248945
842 0.453320019925 2.59165248945
843 0.453423298179 2.59165248945
844 0.453526552345 2.59165248945
845 0.453526552345 2.59165248945
846 0.453578170398 2.59165248945
847 0.454145572028 2.59165248945
848 0.455072480784 2.59165248945
849 0.455278196977 2.59165248945
850 0.455278196977 2.59165248945
851 0.455381019195 2.59165248945
852 0.454072822192 2.55635154737
853 0.450038837457 2.55635154737
854 0.447707008572 2.55635154737
855 0.447707008572 2.55635154737
856 0.447757853464 2.55635154737
857 0.447757853464 2.55635154737
858 0.448062800675 2.55635154737
859 0.448062800675 2.55635154737
860 0.448052445665 2.55635154737
861 0.448204838643 2.55635154737
862 0.448458710803 2.55635154737
863 0.448560219046 2.55635154737
864 0.448560219046 2.55635154737
865 0.450484478372 2.55635154737
866 0.453556065189 2.55635154737
867 0.453656413209 2.55635154737
868 0.453656413209 2.55635154737
869 0.453656413209 2.55635154737
870 0.453656413209 2.55635154737
871 0.453756738484 2.55635154737
872 0.453756738484 2.55635154737
873 0.453756738484 2.55635154737
874 0.454007452221 2.55635154737
875 0.45420792099 2.55635154737
876 0.454258023995 2.55635154737
877 0.454258023995 2.55635154737
878 0.454258023995 2.55635154737
879 0.454258023995 2.55635154737
880 0.453206101302 2.55635154737
881 0.448731423686 2.55635154737
882 0.445630365182 2.55635154737
