0 0.0 0.0
1 0.0 0.0
2 0.0 0.0
3 0.0 0.0
4 0.0 0.0
5 0.0 0.0
6 0.0 0.0
7 0.0 0.0
8 0.0 0.0
9 0.0 0.0
10 0.0 0.0
11 0.0 0.0
12 3.65375670829 0.0
13 3.89298478337 0.0
14 4.2574032692 0.0
15 4.17315395335 0.0
16 4.26946271507 0.0
17 4.33185632174 0.0
18 4.43497506403 1.37095059445
19 4.53228726878 1.84237099318
20 4.57447581293 2.19715972342
21 4.59043548467 2.35538854221
22 4.66049042008 2.61057724333
23 4.68610552957 2.65563906223
24 4.67348667076 2.61006354088
25 4.66655698834 2.55283216168
26 4.67723249997 2.52628048168
27 4.57755905909 2.50512304402
28 4.57748496898 2.51857119077
29 4.52973699538 2.50298885571
30 4.5437148736 2.62614444936
31 4.57521714663 2.77969141868
32 4.56377849112 2.88744792073
33 4.55095520212 2.88744792073
34 4.10034716041 2.88744792073
35 4.06118984632 2.88744792073
36 4.06118984632 2.88744792073
37 4.09315617422 3.18307939851
38 4.19533421195 3.42888341403
39 4.35134446189 3.75217076381
40 4.42597222797 3.88381522688
41 4.46948758419 4.04255570163
42 4.54017723098 4.1804965315
43 4.60475116644 4.20611097356
44 4.65555308435 4.25730060689
45 4.69515435578 4.26616421842
46 4.7428337136 4.35402356665
47 4.75808310936 4.35434489035
48 4.75808310936 4.35434489035
49 4.75808310936 4.35434489035
50 4.75808310936 4.35434489035
51 4.75808310936 4.35434489035
52 4.75808310936 4.35434489035
53 4.75808310936 4.35434489035
54 4.75808310936 4.35434489035
55 4.75808310936 4.35434489035
56 4.75808310936 4.35434489035
57 4.75808310936 4.35434489035
58 4.75808310936 4.35434489035
59 4.75808310936 4.35434489035
60 4.75808310936 4.35434489035
61 4.75808310936 4.35434489035
62 4.79417425013 4.5175797787
63 4.83557438998 4.54835025121
64 4.62965158085 4.65345504344
65 4.71200156328 4.72284244528
66 4.72952876388 4.72075911483
67 4.83965931923 4.80279680088
68 4.89581379545 4.88178130573
69 4.91071253655 4.87106460908
70 4.93735550662 4.88090899259
71 4.96120033243 4.89904128155
72 4.98899637166 4.98047622842
73 4.9980055516 5.00530536569
74 4.85958637246 4.99310420928
75 4.52826234532 4.97067394014
76 4.43998560297 4.95393323448
77 4.37558471432 4.96378493539
78 4.05378884809 4.98513925977
79 3.81408955637 5.01178116389
80 3.79211230049 5.0376148547
81 3.55363304361 5.08276710732
82 3.30188171219 5.13103100731
83 3.14740289157 5.1600184969
84 3.12904946465 5.15704999399
85 3.11458089752 5.18343175383
86 3.10225520752 5.19897532386
87 3.10842829612 5.21668242055
88 3.10934869188 5.21794734574
89 3.12776298492 5.20943922718
90 3.15909117724 5.19995643061
91 3.17493740375 5.21125752685
92 3.18189873266 5.23537070004
93 3.2081180344 5.23937274319
94 3.22920622085 5.23697163078
95 3.256883916 5.22680020707
96 3.27547434916 5.24360947824
97 3.28939280995 5.24783226443
98 3.3023359645 5.24074800034
99 3.32348002302 5.26247949834
100 3.33928076749 5.26252983873
101 3.34691219367 5.3027344023
102 3.34752254779 5.30405576057
103 3.35941385384 5.30565178813
104 3.37762392895 5.31319382203
105 3.38559046239 5.29697804729
106 3.40157193564 5.29483540873
107 3.40526821925 5.36382430774
108 3.41317259209 5.40624826758
109 3.42252388863 5.4257999866
110 3.39879709713 5.45389833591
111 3.36348241338 5.48710783436
112 3.23621349575 5.50491974932
113 3.19434678856 5.49517343808
114 3.14019615684 5.48986852512
115 3.12494933687 5.50097591345
116 3.11033892195 5.49628854253
117 3.10601290337 5.48423601267
118 3.05028290529 5.4801776201
119 3.00125581671 5.46860874241
120 2.99908050163 5.49620435366
121 3.00113316817 5.48430600964
122 3.01516340903 5.50732212777
123 3.01892098645 5.5193233854
124 3.02487236265 5.50676665199
125 3.02521250051 5.51508562635
126 3.02510657804 5.5098354106
127 3.03108591256 5.51772113234
128 3.02257130166 5.52895874063
129 3.02200745688 5.53531001948
130 3.01740026479 5.54300635414
131 3.02528930496 5.58426962617
132 3.02959478486 5.60427346291
133 3.03343612636 5.603906083
134 3.04003779249 5.60162730724
135 3.04607858086 5.60063234096
136 3.05092370132 5.6094243666
137 3.05540688599 5.61762793726
138 3.05983351975 5.62295673182
139 3.06583002967 5.6200955997
140 3.06815340371 5.61491497151
141 3.07416253821 5.60501489234
142 3.08035368522 5.62539619232
143 3.08659965249 5.62503353187
144 3.0584237264 5.61727953628
145 3.06500728715 5.61558316715
146 3.07211077742 5.60597918514
147 3.12103200678 5.66093958217
148 3.13785822967 5.67592787248
149 3.11232477268 5.67592787248
150 3.08507296476 5.66659428681
151 3.21242947475 5.66180285823
152 3.21496243506 5.67066360215
153 3.17314852878 5.67066360215
154 3.1679722836 5.67181028278
155 3.16853235639 5.66246073905
156 3.14768184585 5.68103763488
157 3.12451324929 5.67783451326
158 3.10634208588 5.68306190553
159 3.10291967901 5.69111690104
160 3.09618339857 5.67969672973
161 3.08647461328 5.67243657049
162 3.08213146798 5.67641105133
163 3.07074304769 5.69961413688
164 3.04878204173 5.6979322921
165 3.05126971478 5.69611715682
166 3.04861803834 5.69175401301
167 3.0549046028 5.69812164686
168 3.06235769127 5.70962255689
169 3.06486420972 5.71044320786
170 3.06989663567 5.70458285153
171 3.08050122155 5.71947194653
172 3.08717937196 5.75099176029
173 3.08993881377 5.75099176029
174 3.09844816735 5.76487599137
175 3.1075865281 5.78024641792
176 3.11573051406 5.80325852137
177 3.1234252381 5.83161749567
178 3.12317628 5.83161749567
179 3.12804743032 5.84011177795
180 3.13207560085 5.84608383462
181 3.13419211652 5.84836771523
182 3.1367871495 5.86557076222
183 3.11248495788 5.87036935495
184 3.10200294347 5.86799108042
185 3.10849849205 5.87347854774
186 3.117031632 5.87061114886
187 3.1299365184 5.88708763612
188 3.13437149154 5.89528950998
189 3.13244634948 5.90346729533
190 3.12873148713 5.9196592097
191 3.13851500482 5.92775591866
192 3.15704198606 5.94552101215
193 3.16082276944 5.95751265662
194 3.16682475168 5.95628314396
195 3.16707522468 5.95316588294
196 3.16928419426 5.96653718683
197 3.17711980836 5.98310873112
198 3.18619332 6.02202310306
199 3.20158416539 6.02963038838
200 3.20623233463 6.03696893769
201 3.21349592811 6.05146580341
202 3.22232631052 6.0530865065
203 3.22863394031 6.06974557562
204 3.23347224462 6.09623377054
205 3.23660721235 6.10879311752
206 3.24701027334 6.10863166536
207 3.25612550694 6.10844707212
208 3.26426165291 6.12460230006
209 3.26859160836 6.14252312408
210 3.27514973438 6.16081313332
211 3.27527762214 6.16368627963
212 3.28340206694 6.16580558575
213 3.29272857485 6.18145448807
214 3.33936459512 6.21683866909
215 3.3545463757 6.22832406237
216 3.36317982978 6.22832406237
217 3.3805443758 6.22832406237
218 3.38878699512 6.22832406237
219 3.39682604287 6.22832406237
220 3.40301097363 6.22523427148
221 3.40835742665 6.22210031192
222 3.41639646311 6.23558260342
223 3.42156536955 6.22919616192
224 3.42359044053 6.2301962051
225 3.42806587561 6.22898615064
226 3.42689256767 6.227068041
227 3.42962423366 6.22786520513
228 3.43381821962 6.23122715862
229 3.43890638658 6.23949013312
230 3.443440226 6.24818569422
231 3.44669482159 6.25197611164
232 3.45201376784 6.25512355748
233 3.45839441119 6.25781336334
234 3.46722247629 6.27956864074
235 3.47343862685 6.30006561243
236 3.4777178193 6.3052943967
237 3.48138740391 6.32012431993
238 3.48321351211 6.32793900833
239 3.48364577011 6.32989300296
240 3.48751281434 6.33348328565
241 3.49751044497 6.35629748143
242 3.51369180424 6.36145009358
243 3.52097970664 6.36533236352
244 3.54315467955 6.37521651891
245 3.55112611963 6.38087736408
246 3.55653033977 6.39716057991
247 3.56945399961 6.4050156114
248 3.58938115885 6.40435641524
249 3.61973561995 6.4067795869
250 3.66693772366 6.40443328117
251 3.67373473766 6.40579099365
252 3.68316608127 6.40693067395
253 3.689133191 6.40628250636
254 3.69814523828 6.41060171665
255 3.7046560705 6.40854026299
256 3.70719261422 6.40765805573
257 3.70838001914 6.41163228452
258 3.70991038523 6.41175039156
259 3.71125287266 6.41180265297
260 3.71168293616 6.41148500629
261 3.71386244711 6.41723353932
262 3.71526891534 6.41723353932
263 3.71592983136 6.41723353932
264 3.71699846418 6.42297019975
265 3.7157924959 6.42297019975
266 3.71566321603 6.42625897475
267 3.71709715224 6.43198835525
268 3.72011677429 6.43728883815
269 3.72267651529 6.44307849636
270 3.72479167162 6.44750127919
271 3.72693417129 6.45398725311
272 3.72866576878 6.46670524155
273 3.72996543046 6.46973628158
274 3.7305033189 6.48428524642
275 3.73306691532 6.48055789986
276 3.7353979188 6.47889264851
277 3.7416734773 6.48440502531
278 3.74264135429 6.4795313904
279 3.7438819251 6.48071004746
280 3.74473236775 6.48328557184
281 3.74748642312 6.48483788182
282 3.75633933923 6.50194128104
283 3.81972411975 6.53153148158
284 3.82820597864 6.55091579638
285 3.83857191637 6.58106812683
286 3.85120683832 6.61701322725
287 3.86162876189 6.63372749259
288 3.87106967859 6.64877655044
289 3.8763760667 6.64803387643
290 3.88263155228 6.65410339084
291 3.89069856873 6.65802763751
292 3.89483424472 6.6612650754
293 3.89741700619 6.6649799838
294 3.89989032993 6.66925968901
295 3.90778750123 6.6725577788
296 3.92662031599 6.673112602
297 3.92829549833 6.67301698829
298 3.92941222671 6.67902245219
299 3.93369496211 6.68378096449
300 3.93718767491 6.68156852234
301 3.9414578159 6.68772721058
302 3.94886793889 6.6802969214
303 3.9571103813 6.67644656613
304 3.96529812675 6.674260575
305 3.97102267202 6.68256234108
306 3.97467672372 6.69253933398
307 3.97749324224 6.69645136447
308 3.98019358937 6.70701637125
309 3.98109696593 6.71493725069
310 3.98268409825 6.71533047106
311 3.98486532858 6.71776719726
312 3.98810234657 6.7232577792
313 3.98977806703 6.72459813859
314 3.99117392357 6.724825814
315 3.99460320415 6.72679901537
316 3.99877983324 6.73029096393
317 4.00005077678 6.73352407977
318 3.99819822071 6.73508803857
319 4.00154971286 6.7358448101
320 4.00440297766 6.73624797198
321 4.00507573495 6.736037071
322 4.01836615647 6.74486436465
323 4.02084998533 6.74486436465
324 4.02598358798 6.74430589645
325 4.02762046243 6.74392716134
326 4.03792368219 6.75614473656
327 4.05984033408 6.75549978177
328 4.05927252034 6.75249601516
329 4.06254410712 6.75249601516
330 4.06963119197 6.75224130486
331 4.07363108363 6.75166932262
332 4.07667894522 6.75954940481
333 4.0856608872 6.75954940481
334 4.08534993481 6.75954940481
335 4.09188200618 6.76411785687
336 4.09374497474 6.7671706539
337 4.10405131471 6.77775156522
338 4.11227879155 6.78042480888
339 4.11296767856 6.78041745024
340 4.12163167968 6.79500132819
341 4.12895580553 6.79578937273
342 4.13158053228 6.79610685734
343 4.13473868291 6.80036445056
344 4.13694472764 6.80305080132
345 4.13885027561 6.80305080132
346 4.14156213058 6.80305080132
347 4.14333290436 6.80664280307
348 4.14691488061 6.81003897944
349 4.1476336286 6.80885452679
350 4.14816047731 6.80852901821
351 4.14872492135 6.80850210659
352 4.15044524332 6.80629061991
353 4.15308577931 6.80326054297
354 4.15731740808 6.79987086294
355 4.16434513696 6.80521150811
356 4.16631580465 6.80639778193
357 4.17087181334 6.80690907293
358 4.17408322646 6.81092234856
359 4.17749048207 6.80945240469
360 4.17948837043 6.81159458009
361 4.18177497514 6.8218674933
362 4.18501829013 6.81821284739
363 4.18843838516 6.81958285161
364 4.19089531197 6.82452562757
365 4.19085731137 6.82704574342
366 4.1923112001 6.83438963666
367 4.19298837997 6.84445267814
368 4.19461992546 6.8430357167
369 4.19663703657 6.85432095351
370 4.1982791363 6.86157710762
371 4.2003790942 6.86735237389
372 4.20327941343 6.86712778079
373 4.2040131455 6.86726921426
374 4.20838107986 6.86829922008
375 4.21171981384 6.86907046607
376 4.21511495857 6.88610633121
377 4.21784488912 6.88592724284
378 4.21985987749 6.89077681876
379 4.22213607607 6.89130896827
380 4.22477167558 6.89239233716
381 4.22483513189 6.89412677386
382 4.22551183964 6.89676376172
383 4.22669104395 6.89256428441
384 4.22719152161 6.89463918767
385 4.22805738768 6.89420502378
386 4.22879056559 6.89644275231
387 4.22993139617 6.89587324706
388 4.23095096931 6.89950959392
389 4.23267604036 6.89853962713
390 4.23420949496 6.90292564513
391 4.23180611005 6.90085677708
392 4.23316095033 6.90127526988
393 4.23532882883 6.90435022878
394 4.23726469067 6.90397346342
395 4.23757037692 6.90362043176
396 4.23838852712 6.90665521772
397 4.24136464517 6.91178713617
398 4.24322166404 6.91404301896
399 4.24573896515 6.91754161489
400 4.24704217665 6.92215125305
401 4.24995938605 6.9438847956
402 4.2560956969 6.94705676622
403 4.26047728437 6.9569297037
404 4.2603282262 6.96272794295
405 4.26045464543 6.97249319013
406 4.2603806697 6.985467468
407 4.2629169467 6.99016950916
408 4.26324146197 6.99012215023
409 4.26233648821 6.98941401292
410 4.26025802556 6.98935809188
411 4.26107862942 6.98562351984
412 4.26296642131 6.9850803852
413 4.26358962378 6.98643997495
414 4.27067796041 6.99104005485
415 4.27900104619 6.99766259814
416 4.28200971168 6.99962588099
417 4.28747198208 7.0027999342
418 4.28048039979 7.0100372976
419 4.27820910626 7.0192692864
420 4.27860061083 7.0286187609
421 4.28158032042 7.03961240242
422 4.26732885385 7.04741759294
423 4.27229919656 7.05280771522
424 4.27569396364 7.05662378244
425 4.27869253876 7.05968189791
426 4.28288206445 7.07027022589
427 4.28586655139 7.07904851024
428 4.28732096067 7.08244175775
429 4.29207948555 7.09685563911
430 4.29620833782 7.12533491269
431 4.29949601875 7.13459393593
432 4.30049866227 7.14180202272
433 4.30267598171 7.14692230083
434 4.29714488087 7.15820226573
435 4.29928441582 7.16077203707
436 4.30029428057 7.16908986726
437 4.30238145748 7.16945678348
438 4.30671494683 7.17097124011
439 4.30844047837 7.18033967839
440 4.30991066794 7.18804125976
441 4.31375744751 7.18809730777
442 4.3169890207 7.1902103366
443 4.31744731315 7.19741915733
444 4.3195996103 7.20124689846
445 4.32233078571 7.20176993248
446 4.32840283451 7.20518920658
447 4.33189649684 7.21126474396
448 4.33344761281 7.21693769991
449 4.33696407283 7.21819599966
450 4.34175511083 7.22842114102
451 4.33524155614 7.24546886667
452 4.3348492132 7.25150659429
453 4.33525329293 7.25357533426
454 4.33618193269 7.25812356541
455 4.32942761611 7.26579403724
456 4.3313627893 7.26980465648
457 4.33088822299 7.27482299779
458 4.32734083948 7.28192513819
459 4.31189975189 7.28604097819
460 4.30359894715 7.29296306581
461 4.29342182193 7.29414518543
462 4.28781157982 7.29976627287
463 4.29014017601 7.30132979706
464 4.29294387464 7.30562992239
465 4.29690364105 7.30881823292
466 4.29566630652 7.31358016003
467 4.29445860552 7.32274435413
468 4.2972930559 7.32821641689
469 4.30027444909 7.33446542729
470 4.30295034002 7.33917009063
471 4.30874705344 7.34233425437
472 4.31263624651 7.34731519925
473 4.31578231573 7.35546964166
474 4.31733810273 7.3609188606
475 4.31827371657 7.36760872195
476 4.32510409522 7.36950164796
477 4.32799641382 7.37240333646
478 4.33575660083 7.37553205331
479 4.34373472233 7.38077613124
480 4.35091273401 7.38988988116
481 4.35024338533 7.39419323051
482 4.35231225966 7.39772615551
483 4.35721216903 7.40524514667
484 4.35758988666 7.40951302934
485 4.35959632778 7.4137732404
486 4.36250886328 7.4194031168
487 4.36429695311 7.42538784657
488 4.36522822735 7.42874617506
489 4.36606472559 7.42997281293
490 4.36555662111 7.42957518994
491 4.36772708111 7.43132035767
492 4.36515288788 7.4334431369
493 4.36489525124 7.43329079003
494 4.36673851149 7.43436447299
495 4.36652122421 7.43599242572
496 4.3666823577 7.43759865687
497 4.36814881175 7.43765025789
498 4.36957302918 7.44014267227
499 4.3697759631 7.43922032239
500 4.37022342658 7.43941053043
501 4.3720949429 7.43656138666
502 4.37262952913 7.43558484411
503 4.37219914309 7.43459003199
504 4.37198473032 7.43260237383
505 4.37156869715 7.43153502617
506 4.37353869302 7.42905357898
507 4.37445876667 7.42715294893
508 4.3748636626 7.42693637643
509 4.37726047249 7.42571471998
510 4.38021096288 7.42731817287
511 4.38132882446 7.4291035504
512 4.38515531067 7.42560157786
513 4.38693520612 7.42821392963
514 4.38683151739 7.42436964331
515 4.38730992275 7.42042032578
516 4.38845753678 7.41710439155
517 4.38942737719 7.41585171469
518 4.39013184618 7.41688327133
519 4.38966801606 7.41718171661
520 4.38929379618 7.41527998839
521 4.38928808712 7.41380350316
522 4.3900086893 7.41393800568
523 4.3905296651 7.41222774404
524 4.39103559 7.41227297762
525 4.38984144791 7.41036475658
526 4.39043550192 7.40799571118
527 4.39132990471 7.40849836474
528 4.39192366189 7.40716637044
529 4.39241904869 7.40621229619
530 4.39321945762 7.40592075823
531 4.39443654732 7.40364289321
532 4.39611595206 7.40829075314
533 4.39783582211 7.40809050153
534 4.40058329055 7.40858607943
535 4.40133591712 7.40889174967
536 4.40409691417 7.40807875687
537 4.4046756261 7.40895896148
538 4.40553008488 7.40918097165
539 4.40729945434 7.40980595818
540 4.40951942848 7.40978908724
541 4.41448608115 7.40908791763
542 4.41845137777 7.4068770835
543 4.41955120809 7.41183567886
544 4.42411331876 7.42333373194
545 4.42877804339 7.42690646031
546 4.43317986075 7.43080338834
547 4.43505161757 7.431483028
548 4.43807567765 7.43109907156
549 4.43930069133 7.43276598697
550 4.44077118087 7.43322190234
551 4.44188717048 7.43082476609
552 4.4434464877 7.42726726731
553 4.44444113263 7.42541325634
554 4.44359845949 7.42374735753
555 4.42459604164 7.42131321205
556 4.41054753664 7.4222099722
557 4.40499121547 7.42612091994
558 4.39646877855 7.42624484284
559 4.40064010566 7.43394264114
560 4.40176516942 7.43404519535
561 4.40471447443 7.43717050724
562 4.40860486977 7.43803567606
563 4.41168793367 7.44102278148
564 4.4126126934 7.44463382274
565 4.41401695998 7.44849747233
566 4.41667086701 7.44695974395
567 4.41745692601 7.4458966097
568 4.4180453946 7.44424329245
569 4.41830176101 7.4459743798
570 4.41925729935 7.44444672143
571 4.42057799434 7.44228813008
572 4.42100438655 7.44203127349
573 4.42086478464 7.44109210245
574 4.42202363309 7.44434565599
575 4.4236648638 7.44948283183
576 4.42611086923 7.45102625301
577 4.42794538523 7.44996335306
578 4.42882787664 7.45116382876
579 4.43062489412 7.4519703905
580 4.43205067312 7.45589752832
581 4.43500277024 7.45673049044
582 4.43863161662 7.45579746084
583 4.44048197517 7.45512830691
584 4.44285917808 7.45556197326
585 4.4440104 7.45610411434
586 4.44627435915 7.45741968822
587 4.45119068149 7.46540442876
588 4.45372430085 7.46771489727
589 4.45798169115 7.4747735143
590 4.46453662302 7.47968772282
591 4.4676532488 7.47618099769
592 4.46748726169 7.47520079295
593 4.47821375159 7.48633797937
594 4.48584495338 7.48628392767
595 4.50360502671 7.48651227949
596 4.50905063691 7.49223193794
597 4.51225254988 7.49417079719
598 4.51272617401 7.49519564637
599 4.51800395853 7.49826180336
600 4.52440875535 7.50130094571
601 4.53154100034 7.50396814718
602 4.543478422 7.50301218462
603 4.5483516115 7.50389037088
604 4.54962493174 7.50469702186
605 4.55051061386 7.5053468637
606 4.55185134776 7.50599641362
607 4.55257442675 7.50607296629
608 4.55272654681 7.50826804977
609 4.55427813384 7.50960535402
610 4.55561070802 7.50973591428
611 4.55726584119 7.50941761462
612 4.57674998172 7.51045746635
613 4.58393425015 7.51383151391
614 4.58747258613 7.51270549243
615 4.59122112932 7.50980885588
616 4.59164088683 7.50723813034
617 4.5916344041 7.50611712743
618 4.59414207598 7.50754724553
619 4.59510268416 7.50676070405
620 4.59733451144 7.50757064924
621 4.59863400991 7.50975283815
622 4.59942782607 7.50753673149
623 4.59976391961 7.50621629674
624 4.60062282908 7.50388181757
625 4.6008497848 7.50201215163
626 4.60253068507 7.50234229061
627 4.60465631361 7.50360453892
628 4.60657963985 7.5074271483
629 4.60738365112 7.50532069089
630 4.60837201393 7.50399353941
631 4.60920731931 7.50358069069
632 4.61054525861 7.50356324668
633 4.61113223532 7.50363503519
634 4.61288463024 7.50649910699
635 4.61514194323 7.50766046368
636 4.61609622343 7.51008238939
637 4.61791154851 7.51224837313
638 4.6193092469 7.51471482397
639 4.62035300405 7.51573071625
640 4.62246134124 7.51461308217
641 4.62446388867 7.51388584604
642 4.62567197703 7.51305834053
643 4.62785095784 7.51300881033
644 4.62986713566 7.512980064
645 4.63213934521 7.51252725574
646 4.63444332589 7.51313316688
647 4.63649780515 7.51215478431
648 4.63747394247 7.511342035
649 4.63815681327 7.51486946398
650 4.63854763599 7.51484190561
651 4.63907843164 7.51835101936
652 4.64003243699 7.51705553671
653 4.64029888047 7.51597437046
654 4.64119585655 7.51750253096
655 4.64243258333 7.52034648925
656 4.64275417897 7.52034648925
657 4.64360810669 7.5197962684
658 4.64516291578 7.52570946416
659 4.64450830551 7.53000058843
660 4.64567863899 7.53205047429
661 4.64341493536 7.5326507001
662 4.64520280408 7.53335449819
663 4.64639261593 7.53276252536
664 4.64755360124 7.53491950244
665 4.64798376718 7.53370182491
666 4.64995575753 7.53238982915
667 4.65076472046 7.53080364698
668 4.6500366518 7.52842418485
669 4.64970124489 7.52813715156
670 4.65088857945 7.53030978177
671 4.6516594014 7.53129341762
672 4.65207316955 7.532179307
673 4.650123113 7.53314117867
674 4.63971734544 7.54140903913
675 4.63017889236 7.54610421073
676 4.62491218236 7.54894679451
677 4.62038518527 7.54982157585
678 4.61948737851 7.55413613201
679 4.61635137281 7.55586597975
680 4.61704754324 7.55968590502
681 4.60809266801 7.55990165395
682 4.58636086077 7.55953121026
683 4.587631001 7.55935116858
684 4.58752816915 7.5593590906
685 4.58179040933 7.55953071028
686 4.58173488858 7.56202778748
687 4.58238760144 7.56098473826
688 4.58319468624 7.56217877352
689 4.58478972167 7.56659442216
690 4.5870498078 7.56977405594
691 4.58759248762 7.57702634734
692 4.58771529498 7.57836370592
693 4.58896121282 7.57753744204
694 4.59102973523 7.57920296661
695 4.59213231474 7.57861614586
696 4.59326085139 7.57711996304
697 4.59452954558 7.57779634451
698 4.5958885175 7.57827519362
699 4.59634976762 7.57903029444
700 4.5918972167 7.58413375825
701 4.59336988547 7.58751745136
702 4.58814256881 7.59414970994
703 4.58134426859 7.59870184828
704 4.56991740922 7.59845648928
705 4.55948171266 7.60230424324
706 4.55395929767 7.61206756474
707 4.54090699811 7.61426853081
708 4.53178646213 7.61536780607
709 4.5307800071 7.61663202577
710 4.52392700814 7.61896376269
711 4.51686889225 7.62052532665
712 4.50980002606 7.6187343896
713 4.50325637278 7.6183551985
714 4.50178667644 7.62117576011
715 4.49917509195 7.62623028887
716 4.49198388638 7.63474171017
717 4.48234540075 7.63795488872
718 4.48536597407 7.63951521373
719 4.48974764221 7.6383217876
720 4.4963175976 7.63775631237
721 4.49213257397 7.63564929742
722 4.49347632096 7.63391352441
723 4.49513045232 7.63396257701
724 4.49612914163 7.63396257701
725 4.49666300927 7.63449982445
726 4.49753482093 7.63763601112
727 4.49925819732 7.64749685086
728 4.49949630896 7.65652458263
729 4.49928356403 7.66657713603
730 4.5006261215 7.66744835905
731 4.50286675824 7.66897946929
732 4.50614358513 7.67123414386
733 4.50954709528 7.67090247986
734 4.51175600214 7.67256171976
735 4.51378334706 7.6719220556
736 4.51481397373 7.67099136247
737 4.51565740907 7.67077510971
738 4.51559300964 7.67198859304
739 4.51446812501 7.67411306883
740 4.51650790792 7.67459266001
741 4.51762917222 7.67523103219
742 4.52216826784 7.67362210221
743 4.52893412194 7.6723257865
744 4.52961892205 7.67089657952
745 4.5316393998 7.67755717786
746 4.53350133739 7.69867526375
747 4.53563328413 7.70150031764
748 4.53697352823 7.70121900421
749 4.53871616148 7.70101606943
750 4.53205737637 7.70026244499
751 4.51837372043 7.69808731769
752 4.52139799754 7.69891591722
753 4.53265901903 7.69781128654
754 4.53678317166 7.69816639711
755 4.53853885149 7.69746239102
756 4.5319445263 7.69694274932
757 4.52315062237 7.69595703734
758 4.51899217882 7.69717405621
759 4.52135561612 7.7007637024
760 4.52460587688 7.70377891739
761 4.52623982507 7.70334816949
762 4.5262592375 7.70378815359
763 4.53616615765 7.70393203137
764 4.53786415071 7.70256940233
765 4.53963570643 7.70103460847
766 4.54102047726 7.69906334038
767 4.54251846138 7.69748005338
768 4.54205107892 7.69591821193
769 4.54275754449 7.69353599491
770 4.5437266916 7.69249120096
771 4.54684622654 7.69391246738
772 4.54766461649 7.70095122613
773 4.54924860051 7.70591973268
774 4.55104846281 7.70983910469
775 4.55240459995 7.7122470857
776 4.55441520343 7.71703139367
777 4.55564218425 7.72025456105
778 4.5521021605 7.72212422082
779 4.55134664211 7.72351740954
780 4.54972097969 7.72429880322
781 4.54599365325 7.72193868073
782 4.53318763945 7.72238323367
783 4.51179584633 7.72246574876
784 4.50645667571 7.72446324459
785 4.50565006709 7.72608580194
786 4.50808866695 7.72534790858
787 4.50387802779 7.72720508243
788 4.49220557432 7.73144948023
789 4.49364617827 7.73268605918
790 4.494759337 7.73277558054
791 4.49582095702 7.73446469817
792 4.49663104888 7.73564859534
793 4.49714943811 7.73585556712
794 4.49447175662 7.73461596229
795 4.49580582985 7.73538101878
796 4.48833135551 7.73314177766
797 4.48879912335 7.73165724963
798 4.4896285083 7.73000104518
799 4.49106997241 7.72936177759
800 4.49122081934 7.72936177759
801 4.48553554221 7.72981457926
802 4.48521149523 7.73019486795
803 4.48472272369 7.73169577353
804 4.48606773554 7.73987597291
805 4.48340317019 7.74447330921
806 4.48837745858 7.74395293591
807 4.49487844956 7.74457451165
808 4.49777247574 7.74254774428
809 4.500319959 7.74014631406
810 4.50272727357 7.73837104552
811 4.50629773741 7.73579408805
812 4.51062417892 7.73608759247
813 4.50558964359 7.73513124586
814 4.50826224514 7.73513124586
815 4.51158135565 7.7380826652
816 4.51392805559 7.747635578
817 4.51554843128 7.74966587322
818 4.5185657579 7.75484542801
819 4.52169871813 7.75493875591
820 4.520809744 7.76029136908
821 4.52315974838 7.7661709402
822 4.52620889462 7.76776080299
823 4.54731929701 7.76798517413
824 4.54470002838 7.7693494728
825 4.54253052484 7.76972774372
826 4.53767040554 7.77115386795
827 4.53001722109 7.77149397687
828 4.51846743348 7.77318711208
829 4.51948246851 7.7726295506
830 4.5097860869 7.77613117373
831 4.49726914676 7.7788590828
832 4.47656287121 7.78260915293
833 4.46850306555 7.78377636913
834 4.4605383727 7.78399542347
835 4.46154278122 7.78539563798
836 4.46283283264 7.78614231801
837 4.46482593766 7.78805723373
838 4.46789807944 7.78873180242
839 4.46789807944 7.78873180242
840 4.46789807944 7.78873180242
841 4.46142203353 7.78941753556
842 4.45440696828 7.79200473046
843 4.45621092528 7.79262812301
844 4.45237558306 7.79925751844
845 4.44828548454 7.80101746252
846 4.43704885519 7.80106034829
847 4.42948759051 7.8005722425
848 4.41258682784 7.803064484
849 4.40276122253 7.80172975435
850 4.37998734188 7.80171824559
851 4.3665699017 7.80397291763
852 4.36143136339 7.8048284086
853 4.35795982237 7.80538566986
854 4.36333525023 7.80769974433
855 4.35743508381 7.80769974433
856 4.35346299452 7.81213331896
857 4.34990466241 7.81441624335
858 4.35038591666 7.81451825227
859 4.34571669826 7.82123901443
860 4.34494934867 7.8272202701
861 4.33892367743 7.83099337081
862 4.34302256718 7.83420912678
863 4.33766378692 7.83433914704
864 4.32904729817 7.83372048036
865 4.32851480272 7.83950230995
866 4.31749673667 7.84347422902
867 4.31343619346 7.84533620985
868 4.30825046015 7.84533620985
869 4.30793944569 7.84636259468
870 4.30879498324 7.84782520448
871 4.31048133294 7.84908584052
872 4.30812493064 7.85009855281
873 4.30951701724 7.84885859237
874 4.30964346491 7.84707574534
875 4.30803026625 7.84613687241
876 4.3095539125 7.84588375893
877 4.30358232001 7.8453057803
878 4.28777200734 7.8454593854
879 4.28100945484 7.8454593854
880 4.27707186694 7.8454593854
881 4.26893961406 7.84476407087
882 4.26262854453 7.8445546933
883 4.26067375389 7.8445546933
884 4.2561069479 7.84358276292
885 4.25219752079 7.8444583143
886 4.24833347531 7.84409697156
887 4.24970728174 7.84596174843
888 4.2505160198 7.84508313475
889 4.24787059177 7.84606394744
890 4.23890845336 7.84538774935
891 4.23020741205 7.84606591995
892 4.21283059287 7.84898671822
893 4.20489692912 7.84962636425
